time   pid avg min max msg con
1553693682962 50858 0.00 0 0 0 100
1553693683963 50858 4.98 1 24 100 100
1553693684963 50858 51.29 1 148 100 100
1553693685963 50858 6.19 1 27 100 100
1553693686967 50858 7.74 1 28 100 100
1553693687967 50858 7.25 1 24 100 100
1553693688967 50858 5.14 1 20 100 100
1553693689968 50858 5.70 1 23 100 100
1553693690968 50858 5.95 1 30 100 100
1553693691969 50858 37.98 1 87 100 100
1553693692973 50858 8.38 1 30 100 100
1553693693978 50858 11.12 1 48 100 100
1553693694983 50858 5.56 1 24 100 100
1553693695985 50858 6.44 1 21 100 100
1553693696985 50858 3.45 1 44 100 100
1553693697987 50858 4.51 1 26 100 100
1553693698992 50858 6.63 1 45 100 100
1553693699996 50858 3.85 1 28 100 100
1553693701002 50858 2.58 1 6 100 100
1553693702002 50858 3.23 1 25 100 100
1553693703001 50858 5.99 1 27 100 100
1553693704002 50858 6.29 1 28 100 100
1553693705007 50858 3.16 1 8 100 100
1553693706008 50858 3.37 1 14 100 100
1553693707012 50858 2.04 1 8 100 100
1553693708014 50858 2.19 1 5 100 100
1553693709014 50858 2.88 1 11 100 100
1553693710018 50858 2.75 1 11 100 100
1553693711020 50858 2.94 1 20 100 100
1553693712025 50858 3.89 1 22 100 100
1553693713026 50858 4.57 1 25 100 100
1553693714029 50858 3.29 1 19 100 100
1553693715031 50858 103.40 1 193 100 100
1553693716031 50858 5.90 1 31 100 100
1553693717034 50858 7.98 1 23 100 100
1553693718037 50858 2.83 1 16 100 100
1553693719041 50858 4.85 1 21 100 100
1553693720043 50858 2.96 1 27 100 100
1553693721045 50858 2.25 1 12 100 100
1553693722051 50858 3.04 1 22 100 100
1553693723056 50858 3.40 1 17 100 100
1553693724059 50858 3.14 1 11 100 100
1553693725064 50858 3.26 1 7 100 100
1553693726069 50858 6.26 1 16 100 100
1553693727073 50858 3.44 1 27 100 100
1553693728079 50858 7.69 1 25 100 100
1553693729083 50858 4.44 1 15 100 100
1553693730088 50858 2.99 1 9 100 100
1553693731092 50858 17.00 1 51 100 100
1553693732097 50858 8.22 1 22 100 100
1553693733098 50858 4.00 1 12 100 100
1553693734102 50858 2.99 1 14 100 100
1553693735103 50858 7.46 1 21 100 100
1553693736103 50858 7.09 1 25 100 100
1553693737105 50858 5.23 1 21 100 100
1553693738108 50858 2.53 1 24 100 100
1553693739108 50858 3.74 1 20 100 100
1553693740110 50858 4.14 1 19 100 100
1553693741110 50858 2.50 1 7 100 100
1553693742111 50858 3.56 1 23 100 100
1553693743111 50858 5.29 1 23 100 100
1553693744111 50858 4.57 1 35 100 100
1553693745114 50858 3.10 1 34 100 100
1553693746119 50858 3.06 1 30 100 100
1553693747119 50858 3.70 1 19 100 100
1553693748119 50858 4.13 1 30 100 100
1553693749124 50858 8.15 1 30 100 100
1553693750128 50858 2.60 1 8 100 100
1553693751130 50858 3.24 1 10 100 100
1553693752132 50858 5.30 1 21 100 100
1553693753132 50858 4.71 1 20 100 100
1553693754137 50858 2.01 1 8 100 100
1553693755141 50858 5.36 1 20 100 100
1553693756141 50858 7.27 1 28 100 100
1553693757143 50858 6.88 1 33 100 100
1553693758144 50858 4.38 1 28 100 100
1553693759148 50858 2.28 1 23 100 100
1553693760149 50858 3.67 1 9 100 100
1553693761149 50858 4.70 1 27 100 100
1553693762153 50858 3.69 1 26 100 100
1553693763154 50858 3.85 1 25 100 100
1553693764158 50858 2.70 1 5 100 100
1553693765162 50858 10.73 1 31 100 100
1553693766163 50858 10.07 1 29 100 100
1553693767165 50858 10.21 1 32 100 100
1553693768169 50858 3.12 1 10 100 100
1553693769170 50858 4.15 1 19 100 100
1553693770170 50858 4.63 1 21 100 100
1553693771175 50858 4.78 1 14 100 100
1553693772175 50858 6.65 1 30 100 100
1553693773180 50858 3.26 1 21 100 100
1553693774183 50858 3.70 1 17 100 100
1553693775189 50858 35.87 1 192 100 100
1553693776192 50858 3.61 1 9 100 100
1553693777193 50858 2.73 1 5 100 100
1553693778195 50858 5.60 1 29 100 100
1553693779195 50858 3.82 1 23 100 100
1553693780200 50858 2.21 1 7 100 100
1553693781206 50858 14.15 1 28 100 100
1553693782210 50858 3.66 1 11 100 100
1553693783212 50858 3.01 1 10 100 100
1553693784212 50858 2.96 1 10 100 100
1553693785214 50858 2.60 1 4 100 100
1553693786218 50858 3.56 1 25 100 100
1553693787223 50858 9.52 1 24 100 100
1553693788224 50858 11.27 1 22 100 100
1553693789227 50858 4.55 1 20 100 100
1553693790232 50858 5.26 1 25 100 100
1553693791236 50858 7.54 1 21 100 100
1553693792236 50858 7.40 1 27 100 100
1553693793237 50858 6.74 1 29 100 100
1553693794243 50858 4.89 1 19 100 100
1553693795249 50858 5.37 1 19 100 100
1553693796255 50858 4.10 1 12 100 100
1553693797256 50858 3.61 1 6 100 100
1553693798257 50858 5.86 1 21 100 100
1553693799262 50858 2.39 1 5 100 100
1553693800265 50858 3.14 1 14 100 100
1553693801268 50858 3.09 1 5 100 100
1553693802269 50858 2.76 1 4 100 100
1553693803273 50858 12.43 1 22 100 100
1553693804277 50858 3.01 1 5 100 100
1553693805281 50858 3.29 1 6 100 100
1553693806285 50858 2.50 1 5 100 100
1553693807289 50858 3.69 1 23 100 100
1553693808290 50858 4.63 1 25 100 100
1553693809296 50858 2.04 1 3 100 100
1553693810300 50858 3.51 1 19 100 100
1553693811304 50858 3.87 1 7 100 100
1553693812309 50858 5.67 1 20 100 100
1553693813315 50858 3.73 1 8 100 100
1553693814320 50858 5.76 1 19 100 100
1553693815320 50858 3.31 1 6 100 100
1553693816322 50858 3.66 1 20 100 100
1553693817322 50858 2.76 1 4 100 100
1553693818324 50858 5.02 1 22 100 100
1553693819329 50858 4.22 1 23 100 100
1553693820331 50858 6.41 1 21 100 100
1553693821336 50858 7.61 1 34 100 100
1553693822336 50858 3.27 2 5 100 100
1553693823336 50858 2.38 1 4 100 100
1553693824341 50858 2.87 1 6 100 100
1553693825346 50858 4.77 1 11 100 100
1553693826349 50858 4.26 2 6 100 100
1553693827354 50858 5.81 1 15 100 100
1553693828359 50858 4.30 2 7 100 100
1553693829359 50858 4.59 1 8 100 100
1553693830361 50858 3.76 1 6 100 100
1553693831361 50858 3.21 1 5 100 100
1553693832361 50858 3.09 1 5 100 100
1553693833364 50858 3.90 1 6 100 100
1553693834363 50858 3.99 1 8 100 100
1553693835367 50858 4.47 1 7 100 100
1553693836372 50858 6.45 1 25 100 100
1553693837376 50858 5.97 3 8 100 100
1553693838381 50858 4.21 1 6 100 100
1553693839386 50858 5.05 1 9 100 100
1553693840390 50858 3.93 1 7 100 100
1553693841390 50858 2.95 1 5 100 100
1553693842395 50858 3.78 1 7 100 100
1553693843398 50858 4.05 1 6 100 100
1553693844403 50858 4.53 1 8 100 100
1553693845409 50858 5.74 2 11 100 100
1553693846413 50858 6.12 1 10 100 100
1553693847417 50858 4.93 2 10 100 100
1553693848422 50858 5.39 1 9 100 100
1553693849423 50858 4.32 3 7 100 100
1553693850424 50858 2.99 1 5 100 100
1553693851426 50858 4.21 1 8 100 100
1553693852432 50858 3.51 1 6 100 100
1553693853433 50858 4.21 1 10 100 100
1553693854434 50858 7.65 1 38 100 100
1553693855437 50858 4.41 1 33 100 100
1553693856440 50858 4.57 1 7 100 100
1553693857442 50858 4.38 1 7 100 100
1553693858444 50858 3.98 1 9 100 100
1553693859445 50858 3.79 1 7 100 100
1553693860450 50858 2.94 1 6 100 100
1553693861454 50858 5.63 1 19 100 100
1553693862457 50858 3.60 1 7 100 100
1553693863459 50858 4.27 1 9 100 100
1553693864465 50858 3.23 1 5 100 100
1553693865468 50858 4.91 3 9 100 100
1553693866470 50858 5.45 2 10 100 100
1553693867472 50858 4.33 2 8 100 100
1553693868477 50858 6.97 1 23 100 100
1553693869480 50858 5.09 3 9 100 100
1553693870482 50858 3.74 1 5 100 100
1553693871483 50858 5.57 2 8 100 100
1553693872489 50858 3.72 2 5 100 100
1553693873493 50858 4.21 2 7 100 100
1553693874492 50858 4.72 2 7 100 100
1553693875492 50858 11.08 1 41 100 100
1553693876492 50858 6.42 1 10 100 100
1553693877494 50858 6.06 1 44 100 100
1553693878499 50858 4.36 1 9 100 100
1553693879500 50858 3.86 1 8 100 100
1553693880502 50858 2.22 1 4 100 100
1553693881507 50858 5.10 1 28 100 100
1553693882512 50858 4.24 1 7 100 100
1553693883511 50858 5.27 1 10 100 100
1553693884514 50858 3.84 1 7 100 100
1553693885517 50858 4.01 1 8 100 100
1553693886520 50858 3.78 1 7 100 100
1553693887524 50858 2.92 1 5 100 100
1553693888524 50858 7.63 2 38 100 100
1553693889530 50858 3.58 1 7 100 100
1553693890530 50858 5.53 2 13 100 100
1553693891535 50858 5.99 1 11 100 100
1553693892538 50858 4.64 2 8 100 100
1553693893539 50858 4.68 2 8 100 100
1553693894540 50858 3.69 1 5 100 100
1553693895542 50858 13.54 2 90 100 100
1553693896547 50858 3.27 1 5 100 100
1553693897547 50858 3.42 1 8 100 100
1553693898550 50858 3.53 1 7 100 100
1553693899551 50858 2.28 1 4 100 100
1553693900555 50858 4.23 1 8 100 100
1553693901560 50858 10.54 1 25 100 100
1553693902563 50858 25.52 1 44 100 100
1553693903568 50858 7.85 1 38 100 100
1553693904572 50858 9.35 1 23 100 100
1553693905575 50858 5.57 1 15 100 100
1553693906576 50858 15.73 1 73 100 100
1553693907577 50858 7.01 1 27 100 100
1553693908577 50858 9.51 1 47 100 100
1553693909582 50858 6.79 1 24 100 100
1553693910585 50858 12.36 1 31 100 100
1553693911587 50858 2.81 1 8 100 100
1553693912591 50858 5.05 1 10 100 100
1553693913590 50858 16.24 1 48 100 100
1553693914591 50858 24.89 1 85 100 100
1553693915591 50858 16.88 1 62 100 100
1553693916594 50858 5.48 1 21 100 100
1553693917597 50858 6.16 1 18 100 100
1553693918601 50858 6.36 1 102 62 100
1553693928885 51644 0.00 0 0 0 1000
1553693929886 51644 181.96 56 236 285 1000
1553693930888 51644 0.00 0 0 0 1000
1553693931891 51644 0.00 0 0 0 1000
1553693932891 51644 0.00 0 0 0 1000
1553693933891 51644 0.00 0 0 0 1000
1553693959210 51801 0.00 0 0 0 200
1553693960212 51801 0.00 0 0 180 200
1553693961212 51801 0.00 0 0 0 200
1553693962215 51801 0.00 0 0 0 200
1553693963219 51801 0.00 0 0 0 200
1553693969429 51867 0.00 0 0 0 200
1553693970431 51867 0.00 0 0 107 200
1553693992943 52001 0.00 0 0 0 200
1553693993944 52001 134.03 102 161 200 200
1553693994948 52001 22.39 1 54 200 200
1553693995948 52001 18.51 1 66 200 200
1553693996950 52001 35.50 1 100 200 200
1553693997955 52001 21.79 1 60 200 200
1553693998955 52001 14.05 1 42 200 200
1553693999956 52001 22.25 1 68 200 200
1553694000959 52001 17.02 1 86 200 200
1553694001961 52001 24.99 1 87 200 200
1553694002966 52001 70.05 1 197 200 200
1553694003966 52001 19.09 1 65 200 200
1553694004969 52001 9.69 1 33 200 200
1553694005973 52001 9.37 1 28 200 200
1553694006975 52001 10.04 1 38 200 200
1553694007977 52001 7.26 1 50 200 200
1553694008976 52001 5.96 1 42 200 200
1553694009977 52001 14.49 1 58 200 200
1553694010977 52001 10.11 1 45 200 200
1553694011978 52001 6.37 1 46 200 200
1553694012977 52001 7.92 1 36 200 200
1553694013978 52001 57.30 1 164 200 200
1553694014979 52001 34.34 1 142 200 200
1553694015979 52001 10.65 1 33 200 200
1553694016980 52001 8.63 1 32 200 200
1553694017981 52001 6.70 1 27 200 200
1553694018986 52001 7.52 1 27 200 200
1553694019987 52001 6.45 1 24 200 200
1553694020992 52001 8.45 1 26 200 200
1553694021991 52001 7.92 1 26 200 200
1553694022996 52001 7.86 1 28 200 200
1553694024000 52001 5.84 1 33 200 200
1553694025001 52001 9.63 1 30 200 200
1553694026006 52001 6.03 1 22 200 200
1553694027011 52001 5.42 1 20 200 200
1553694028015 52001 49.50 1 204 200 200
1553694029018 52001 17.34 1 51 200 200
1553694030020 52001 28.26 1 84 200 200
1553694031020 52001 92.25 1 165 200 200
1553694032023 52001 17.89 1 88 200 200
1553694033023 52001 10.14 1 38 200 200
1553694034023 52001 9.81 1 26 200 200
1553694035026 52001 7.64 1 34 200 200
1553694036027 52001 9.73 1 62 200 200
1553694037029 52001 4.92 1 23 200 200
1553694038032 52001 12.79 1 96 200 200
1553694039037 52001 2.92 1 21 200 200
1553694040042 52001 4.70 1 22 200 200
1553694041047 52001 4.16 1 20 200 200
1553694042052 52001 3.43 1 18 200 200
1553694043053 52001 3.81 1 20 200 200
1553694044053 52001 4.28 1 20 200 200
1553694045057 52001 5.84 1 24 200 200
1553694046061 52001 3.27 1 22 200 200
1553694047062 52001 5.66 1 31 200 200
1553694048066 52001 2.96 1 20 200 200
1553694049069 52001 7.13 1 31 200 200
1553694050069 52001 4.20 1 23 200 200
1553694051070 52001 6.22 1 25 200 200
1553694052075 52001 4.06 1 25 200 200
1553694053080 52001 7.50 1 27 200 200
1553694054081 52001 5.28 1 28 200 200
1553694055086 52001 3.50 1 20 200 200
1553694056088 52001 7.68 1 22 200 200
1553694057090 52001 5.88 1 31 200 200
1553694058090 52001 14.12 1 52 200 200
1553694059091 52001 37.09 1 147 200 200
1553694060095 52001 4.22 1 23 200 200
1553694061097 52001 6.20 1 25 200 200
1553694062101 52001 7.53 1 37 200 200
1553694063109 52001 8.97 1 42 200 200
1553694064111 52001 21.53 1 142 200 200
1553694065116 52001 10.06 1 23 200 200
1553694066116 52001 13.86 1 29 200 200
1553694067118 52001 11.15 1 31 200 200
1553694068122 52001 40.21 1 94 200 200
1553694069124 52001 11.85 1 47 200 200
1553694070125 52001 4.62 1 34 200 200
1553694071126 52001 3.83 1 27 200 200
1553694072131 52001 18.12 1 92 200 200
1553694073136 52001 12.37 1 31 200 200
1553694084607 52322 0.00 0 0 0 300
1553694085612 52322 0.00 0 0 135 300
1553694095335 52401 0.00 0 0 0 200
1553694096338 52401 0.00 0 0 0 200
1553694098652 52443 0.00 0 0 0 200
1553694099649 52443 0.00 0 0 0 200
1553694102224 52462 0.00 0 0 0 200
1553694103229 52462 0.00 0 0 200 200
1553694104230 52462 0.00 0 0 0 200
1553694105230 52462 0.00 0 0 0 200
1553694106231 52462 0.00 0 0 0 200
1553694107234 52462 0.00 0 0 0 200
1553694108237 52462 0.00 0 0 0 200
1553694109237 52462 0.00 0 0 0 200
1553694110239 52462 0.00 0 0 0 200
1553694111244 52462 0.00 0 0 0 200
1553694112244 52462 0.00 0 0 0 200
1553694113249 52462 0.00 0 0 0 200
1553694114250 52462 0.00 0 0 0 200
1553694115256 52462 0.00 0 0 0 200
1553694116259 52462 0.00 0 0 0 200
1553694117263 52462 0.00 0 0 0 200
1553694118263 52462 0.00 0 0 0 200
1553694130370 52626 0.00 0 0 0 100
1553694131370 52626 14.81 1 35 100 100
1553694132374 52626 18.71 1 51 100 100
1553694133374 52626 13.93 1 40 100 100
1553694134373 52626 12.47 1 36 100 100
1553694135379 52626 9.28 1 26 100 100
1553694136382 52626 7.54 1 35 100 100
1553694137383 52626 7.13 1 21 100 100
1553694138385 52626 7.88 1 23 100 100
1553694139387 52626 4.36 1 16 100 100
1553694140390 52626 4.13 1 21 100 100
1553694141395 52626 4.20 1 21 100 100
1553694142395 52626 11.13 1 41 100 100
1553694143396 52626 3.75 1 37 100 100
1553694144396 52626 2.79 1 41 100 100
1553694145399 52626 4.92 1 25 100 100
1553694146400 52626 4.34 1 18 100 100
1553694147404 52626 3.14 1 31 100 100
1553694148407 52626 2.64 1 20 100 100
1553694149412 52626 2.57 1 18 100 100
1553694150412 52626 3.68 1 21 100 100
1553694151416 52626 3.60 1 16 100 100
1553694152420 52626 9.37 1 28 100 100
1553694153424 52626 4.02 1 7 100 100
1553694154429 52626 6.06 1 19 100 100
1553694155431 52626 3.99 1 13 100 100
1553694156432 52626 3.06 1 10 100 100
1553694157433 52626 4.48 1 11 100 100
1553694158438 52626 3.35 1 27 100 100
1553694159443 52626 4.26 1 11 100 100
1553694160446 52626 3.65 1 7 100 100
1553694161445 52626 7.73 1 22 100 100
1553694162445 52626 3.09 1 21 100 100
1553694163451 52626 3.69 1 28 100 100
1553694164455 52626 6.26 1 21 100 100
1553694165456 52626 2.91 1 16 100 100
1553694166460 52626 4.71 1 21 100 100
1553694167464 52626 4.37 1 20 100 100
1553694168468 52626 4.86 1 21 100 100
1553694169472 52626 4.15 1 27 100 100
1553694170478 52626 6.62 1 19 100 100
1553694171477 52626 7.95 1 31 100 100
1553694172481 52626 5.68 1 23 100 100
1553694173481 52626 5.83 1 17 100 100
1553694174481 52626 3.92 1 16 100 100
1553694175482 52626 5.03 1 18 100 100
1553694176487 52626 4.11 1 26 100 100
1553694177488 52626 6.76 1 51 100 100
1553694178492 52626 5.38 1 21 100 100
1553694179498 52626 2.85 1 7 100 100
1553694180504 52626 6.65 1 41 100 100
1553694181505 52626 5.77 1 27 100 100
1553694182511 52626 4.73 1 18 100 100
1553694183512 52626 5.25 1 18 100 100
1553694184516 52626 6.82 1 28 100 100
1553694185518 52626 6.34 1 22 100 100
1553694186519 52626 5.39 1 24 100 100
1553694187525 52626 7.02 1 44 100 100
1553694188531 52626 7.66 1 23 100 100
1553694189535 52626 6.41 1 17 100 100
1553694190535 52626 5.48 1 16 100 100
1553694191540 52626 6.38 1 42 100 100
1553694192541 52626 6.66 1 20 100 100
1553694193543 52626 6.47 1 24 100 100
1553694194545 52626 6.67 1 27 100 100
1553694195548 52626 7.72 1 30 100 100
1553694196554 52626 7.34 1 24 100 100
1553694197559 52626 4.34 1 19 100 100
1553694198561 52626 4.43 1 18 100 100
1553694199565 52626 76.52 1 233 100 100
1553694200569 52626 424.32 4 550 100 100
1553694201571 52626 5.98 1 15 100 100
1553694202574 52626 23.45 1 45 100 100
1553694203576 52626 7.32 1 13 100 100
1553694204578 52626 6.71 1 17 100 100
1553694205578 52626 4.68 1 8 100 100
1553694206578 52626 3.19 1 8 100 100
1553694207580 52626 2.69 1 5 100 100
1553694208579 52626 3.85 1 7 100 100
1553694209581 52626 2.14 1 4 100 100
1553694210583 52626 2.57 1 5 100 100
1553694211584 52626 3.01 1 7 100 100
1553694212585 52626 4.54 1 10 100 100
1553694213589 52626 4.86 1 11 100 100
1553694214591 52626 4.90 1 10 100 100
1553694215593 52626 3.33 1 6 100 100
1553694216596 52626 3.68 1 8 100 100
1553694217600 52626 4.70 1 8 100 100
1553694218601 52626 4.54 1 10 100 100
1553694219601 52626 7.17 1 17 100 100
1553694220602 52626 5.48 1 14 100 100
1553694221602 52626 4.30 1 9 100 100
1553694222603 52626 4.22 1 9 100 100
1553694223605 52626 2.18 1 6 100 100
1553694224606 52626 89.88 2 226 100 100
1553694225608 52626 1.33 1 2 100 100
1553694226610 52626 2.35 1 8 100 100
1553694227612 52626 1.86 1 4 100 100
1553694228613 52626 1.83 1 4 100 100
1553694229615 52626 2.64 1 5 100 100
1553694230618 52626 3.46 1 7 100 100
1553694231623 52626 7.95 1 38 100 100
1553694232627 52626 5.12 1 12 100 100
1553694233630 52626 4.41 1 7 100 100
1553694234630 52626 3.11 1 5 100 100
1553694235633 52626 48.34 2 84 100 100
1553694236635 52626 13.11 1 45 100 100
1553694237640 52626 3.01 1 6 100 100
1553694238644 52626 4.66 1 17 100 100
1553694239645 52626 6.00 1 22 100 100
1553694240649 52626 5.09 1 38 100 100
1553694241651 52626 2.49 1 5 100 100
1553694242655 52626 7.28 1 30 100 100
1553694243659 52626 3.95 1 10 100 100
1553694244663 52626 10.04 1 30 100 100
1553694245664 52626 7.15 1 19 100 100
1553694246667 52626 2.38 1 4 100 100
1553694247667 52626 5.46 1 27 100 100
1553694248668 52626 3.66 1 5 100 100
1553694249669 52626 3.30 1 17 100 100
1553694250672 52626 4.35 1 19 100 100
1553694271425 53226 0.00 0 0 0 1000
1553694272428 53226 0.00 0 0 215 1000
1553694273429 53226 0.00 0 0 0 1000
1553694274435 53226 0.00 0 0 0 1000
1553694275437 53226 0.00 0 0 0 1000
1553694276442 53226 0.00 0 0 0 1000
1553694277442 53226 0.00 0 0 0 1000
1553694278443 53226 0.00 0 0 0 1000
1553694279446 53226 0.00 0 0 0 1000
1553694280449 53226 0.00 0 0 0 1000
1553694281452 53226 0.00 0 0 0 1000
1553694282457 53226 0.00 0 0 0 1000
1553694283457 53226 0.00 0 0 0 1000
1553694284457 53226 0.00 0 0 0 1000
1553694285457 53226 0.00 0 0 0 1000
1553694286457 53226 0.00 0 0 0 1000
1553694287461 53226 0.00 0 0 0 1000
1553694288463 53226 0.00 0 0 0 1000
1553694289466 53226 0.00 0 0 0 1000
1553694290470 53226 0.00 0 0 0 1000
1553694291475 53226 0.00 0 0 0 1000
1553694292480 53226 0.00 0 0 0 1000
1553694293481 53226 0.00 0 0 0 1000
1553694294484 53226 0.00 0 0 0 1000
1553694295486 53226 0.00 0 0 0 1000
1553694296489 53226 0.00 0 0 0 1000
1553694297488 53226 0.00 0 0 0 1000
1553694298491 53226 0.00 0 0 0 1000
1553694299494 53226 0.00 0 0 0 1000
1553694300493 53226 0.00 0 0 0 1000
1553694301495 53226 0.00 0 0 0 1000
1553694302495 53226 0.00 0 0 0 1000
1553694303498 53226 0.00 0 0 0 1000
1553694304502 53226 0.00 0 0 0 1000
1553694305503 53226 0.00 0 0 0 1000
1553694306503 53226 0.00 0 0 0 1000
1553694307507 53226 0.00 0 0 0 1000
1553694308513 53226 0.00 0 0 0 1000
1553694309517 53226 0.00 0 0 0 1000
1553694310520 53226 0.00 0 0 0 1000
1553694311524 53226 0.00 0 0 0 1000
1553694312525 53226 0.00 0 0 0 1000
1553694313530 53226 0.00 0 0 0 1000
1553694314534 53226 0.00 0 0 0 1000
1553694315535 53226 0.00 0 0 0 1000
1553694316540 53226 0.00 0 0 0 1000
1553694317543 53226 0.00 0 0 0 1000
1553694318548 53226 0.00 0 0 0 1000
1553694319548 53226 0.00 0 0 0 1000
1553694320551 53226 0.00 0 0 0 1000
1553694321552 53226 0.00 0 0 0 1000
1553694322553 53226 0.00 0 0 0 1000
1553694323558 53226 0.00 0 0 0 1000
1553694324562 53226 0.00 0 0 0 1000
1553694325567 53226 0.00 0 0 0 1000
1553694326570 53226 0.00 0 0 0 1000
1553694327571 53226 0.00 0 0 0 1000
1553694328572 53226 0.00 0 0 0 1000
1553694329573 53226 0.00 0 0 0 1000
1553694330573 53226 0.00 0 0 0 1000
1553694331577 53226 0.00 0 0 0 1000
1553694332582 53226 0.00 0 0 0 1000
1553694333585 53226 0.00 0 0 0 1000
1553694334591 53226 0.00 0 0 0 1000
1553694335596 53226 0.00 0 0 0 1000
1553694336598 53226 0.00 0 0 0 1000
1553694337602 53226 0.00 0 0 0 1000
1553694338605 53226 0.00 0 0 0 1000
1553694339609 53226 0.00 0 0 0 1000
1553694340610 53226 0.00 0 0 0 1000
1553694341610 53226 0.00 0 0 0 1000
1553694342610 53226 0.00 0 0 0 1000
1553694343614 53226 0.00 0 0 0 1000
1553694344614 53226 0.00 0 0 0 1000
1553694345619 53226 0.00 0 0 0 1000
1553694346624 53226 0.00 0 0 0 1000
1553694347625 53226 0.00 0 0 0 1000
1553694348627 53226 0.00 0 0 0 1000
1553694349631 53226 0.00 0 0 0 1000
1553694350635 53226 0.00 0 0 0 1000
1553694351636 53226 0.00 0 0 0 1000
1553694352638 53226 0.00 0 0 0 1000
1553694353638 53226 0.00 0 0 0 1000
1553694354638 53226 0.00 0 0 0 1000
1553694355640 53226 0.00 0 0 0 1000
1553694356642 53226 0.00 0 0 0 1000
1553694357644 53226 0.00 0 0 0 1000
1553694358649 53226 0.00 0 0 0 1000
1553694359652 53226 0.00 0 0 0 1000
1553694360652 53226 0.00 0 0 0 1000
1553694361652 53226 0.00 0 0 0 1000
1553694362652 53226 0.00 0 0 0 1000
1553694363652 53226 0.00 0 0 0 1000
1553694364652 53226 0.00 0 0 0 1000
1553694365652 53226 0.00 0 0 0 1000
1553694366653 53226 0.00 0 0 0 1000
1553694367654 53226 0.00 0 0 0 1000
1553694368655 53226 0.00 0 0 0 1000
1553694369660 53226 0.00 0 0 0 1000
1553694370665 53226 0.00 0 0 0 1000
1553694371665 53226 0.00 0 0 0 1000
1553694372667 53226 0.00 0 0 0 1000
1553694373672 53226 0.00 0 0 0 1000
1553694555764 54018 0.00 0 0 0 1000
1553694563047 54077 0.00 0 0 0 1000
1553694564047 54077 206.66 41 352 196 1000
1553694565046 54077 0.00 0 0 0 1000
1553694566052 54077 0.00 0 0 0 1000
1553694567055 54077 0.00 0 0 0 1000
1553694568056 54077 0.00 0 0 0 1000
1553694689352 54408 0.00 0 0 0 1000
1553694690353 54408 0.00 0 0 0 1000
1553694691353 54408 0.00 0 0 0 1000
1553694692355 54408 316.66 256 362 256 1000
1553694693354 54408 0.00 0 0 104 1000
1553694694356 54408 0.00 0 0 0 1000
1553694695360 54408 0.00 0 0 0 1000
1553694696365 54408 0.00 0 0 0 1000
1553694697370 54408 0.00 0 0 0 1000
1553694698370 54408 0.00 0 0 0 1000
1553694699372 54408 0.00 0 0 0 1000
1553694700372 54408 0.00 0 0 0 1000
1553694701377 54408 0.00 0 0 0 1000
1553694702378 54408 0.00 0 0 0 1000
1553694703378 54408 0.00 0 0 0 1000
1553694704379 54408 0.00 0 0 0 1000
1553694705383 54408 0.00 0 0 0 1000
1553694706383 54408 0.00 0 0 0 1000
1553694707383 54408 0.00 0 0 0 1000
1553694708384 54408 0.00 0 0 0 1000
1553694709387 54408 0.00 0 0 0 1000
1553694710391 54408 0.00 0 0 0 1000
1553694711395 54408 0.00 0 0 0 1000
1553694712396 54408 0.00 0 0 0 1000
1553694713401 54408 0.00 0 0 0 1000
1553694714401 54408 0.00 0 0 0 1000
1553694715404 54408 0.00 0 0 0 1000
1553694716406 54408 0.00 0 0 0 1000
1553694717409 54408 0.00 0 0 0 1000
1553694718409 54408 0.00 0 0 0 1000
1553694719414 54408 0.00 0 0 0 1000
1553694720417 54408 0.00 0 0 0 1000
1553694721418 54408 0.00 0 0 0 1000
1553694722423 54408 0.00 0 0 0 1000
1553694723426 54408 0.00 0 0 0 1000
1553694724426 54408 0.00 0 0 0 1000
1553694725430 54408 0.00 0 0 0 1000
1553694726435 54408 0.00 0 0 0 1000
1553694727439 54408 0.00 0 0 0 1000
1553694728440 54408 0.00 0 0 0 1000
1553694729441 54408 0.00 0 0 0 1000
1553694730441 54408 0.00 0 0 0 1000
1553694731441 54408 0.00 0 0 0 1000
1553694732442 54408 0.00 0 0 0 1000
1553694733444 54408 0.00 0 0 0 1000
1553694734445 54408 0.00 0 0 0 1000
1553694735451 54408 0.00 0 0 0 1000
1553694736452 54408 0.00 0 0 0 1000
1553694737454 54408 0.00 0 0 0 1000
1553694738457 54408 0.00 0 0 0 1000
1553694739461 54408 0.00 0 0 0 1000
1553694740463 54408 0.00 0 0 0 1000
1553694741467 54408 0.00 0 0 0 1000
1553694742469 54408 0.00 0 0 0 1000
1553694743470 54408 0.00 0 0 0 1000
1553694744472 54408 0.00 0 0 0 1000
1553694745472 54408 0.00 0 0 0 1000
1553694746474 54408 0.00 0 0 0 1000
1553694747476 54408 0.00 0 0 0 1000
1553694748478 54408 0.00 0 0 0 1000
1553694749483 54408 0.00 0 0 0 1000
1553694750484 54408 0.00 0 0 0 1000
1553694751488 54408 0.00 0 0 0 1000
1553694752491 54408 0.00 0 0 0 1000
1553694753494 54408 0.00 0 0 0 1000
1553694754496 54408 0.00 0 0 0 1000
1553694755496 54408 0.00 0 0 0 1000
1553694756496 54408 0.00 0 0 0 1000
1553694757499 54408 0.00 0 0 0 1000
1553694758503 54408 0.00 0 0 0 1000
1553694759505 54408 0.00 0 0 0 1000
1553694760508 54408 0.00 0 0 0 1000
1553694761513 54408 0.00 0 0 0 1000
1553694762513 54408 0.00 0 0 0 1000
1553694763517 54408 0.00 0 0 0 1000
1553694764520 54408 0.00 0 0 0 1000
1553694765525 54408 0.00 0 0 0 1000
1553694766526 54408 0.00 0 0 0 1000
1553694767532 54408 0.00 0 0 0 1000
1553694768534 54408 0.00 0 0 0 1000
1553694769535 54408 0.00 0 0 0 1000
1553694770541 54408 0.00 0 0 0 1000
1553694771542 54408 0.00 0 0 0 1000
1553694772545 54408 0.00 0 0 0 1000
1553694773547 54408 0.00 0 0 0 1000
1553694774553 54408 0.00 0 0 0 1000
1553694775559 54408 0.00 0 0 0 1000
1553694776563 54408 0.00 0 0 0 1000
1553694777564 54408 0.00 0 0 0 1000
1553694778569 54408 0.00 0 0 0 1000
1553694779574 54408 0.00 0 0 0 1000
1553694780576 54408 0.00 0 0 0 1000
1553694781576 54408 0.00 0 0 0 1000
1553694782578 54408 0.00 0 0 0 1000
1553694783583 54408 0.00 0 0 0 1000
1553694784583 54408 0.00 0 0 0 1000
1553694785585 54408 0.00 0 0 0 1000
1553694786585 54408 0.00 0 0 0 1000
1553694787586 54408 0.00 0 0 0 1000
1553694788586 54408 0.00 0 0 0 1000
1553694789586 54408 0.00 0 0 0 1000
1553694790589 54408 0.00 0 0 0 1000
1553694791591 54408 0.00 0 0 0 1000
1553694792591 54408 0.00 0 0 0 1000
1553694793595 54408 0.00 0 0 0 1000
1553694794600 54408 0.00 0 0 0 1000
1553694795601 54408 0.00 0 0 0 1000
1553694796604 54408 0.00 0 0 0 1000
1553694797604 54408 0.00 0 0 0 1000
1553694798607 54408 0.00 0 0 0 1000
1553694799611 54408 0.00 0 0 0 1000
1553694800615 54408 0.00 0 0 0 1000
1553694801620 54408 0.00 0 0 0 1000
1553694802625 54408 0.00 0 0 0 1000
1553694803630 54408 0.00 0 0 0 1000
1553694804635 54408 0.00 0 0 0 1000
1553694805639 54408 0.00 0 0 0 1000
1553694806643 54408 0.00 0 0 0 1000
1553694807644 54408 0.00 0 0 0 1000
1553694808645 54408 0.00 0 0 0 1000
1553694809649 54408 0.00 0 0 0 1000
1553694810650 54408 0.00 0 0 0 1000
1553694811654 54408 0.00 0 0 0 1000
1553694812654 54408 0.00 0 0 0 1000
1553694813654 54408 0.00 0 0 0 1000
1553694814654 54408 0.00 0 0 0 1000
1553694815655 54408 0.00 0 0 0 1000
1553694816656 54408 0.00 0 0 0 1000
1553694817661 54408 0.00 0 0 0 1000
1553694818667 54408 0.00 0 0 0 1000
1553694819669 54408 0.00 0 0 0 1000
1553694820674 54408 0.00 0 0 0 1000
1553694821674 54408 0.00 0 0 0 1000
1553694822674 54408 0.00 0 0 0 1000
1553694823678 54408 0.00 0 0 0 1000
1553694824683 54408 0.00 0 0 0 1000
1553694825683 54408 0.00 0 0 0 1000
1553694826683 54408 0.00 0 0 0 1000
1553694827683 54408 0.00 0 0 0 1000
1553694828688 54408 0.00 0 0 0 1000
1553694829693 54408 0.00 0 0 0 1000
1553694830694 54408 0.00 0 0 0 1000
1553694831696 54408 0.00 0 0 0 1000
1553694832699 54408 0.00 0 0 0 1000
1553694833699 54408 0.00 0 0 0 1000
1553694834702 54408 0.00 0 0 0 1000
1553694835707 54408 0.00 0 0 0 1000
1553694836708 54408 0.00 0 0 0 1000
1553694837711 54408 0.00 0 0 0 1000
1553694838712 54408 0.00 0 0 0 1000
1553694839717 54408 0.00 0 0 0 1000
1553694840718 54408 0.00 0 0 0 1000
1553694841723 54408 0.00 0 0 0 1000
1553694842727 54408 0.00 0 0 0 1000
1553694843729 54408 0.00 0 0 0 1000
1553694844733 54408 0.00 0 0 0 1000
1553694845736 54408 0.00 0 0 0 1000
1553694846738 54408 0.00 0 0 0 1000
1553694847739 54408 0.00 0 0 0 1000
1553694848739 54408 0.00 0 0 0 1000
1553694849745 54408 0.00 0 0 0 1000
1553694850746 54408 0.00 0 0 0 1000
1553694851747 54408 0.00 0 0 0 1000
1553694852747 54408 0.00 0 0 0 1000
1553694853750 54408 0.00 0 0 0 1000
1553694854753 54408 0.00 0 0 0 1000
1553694855756 54408 0.00 0 0 0 1000
1553694856760 54408 0.00 0 0 0 1000
1553694857764 54408 0.00 0 0 0 1000
1553694858767 54408 0.00 0 0 0 1000
1553694859767 54408 0.00 0 0 0 1000
1553694860771 54408 0.00 0 0 0 1000
1553694861776 54408 0.00 0 0 0 1000
1553694862778 54408 0.00 0 0 0 1000
1553694863778 54408 0.00 0 0 0 1000
1553694864780 54408 0.00 0 0 0 1000
1553694865783 54408 0.00 0 0 0 1000
1553694866787 54408 0.00 0 0 0 1000
1553694867790 54408 0.00 0 0 0 1000
1553694868790 54408 0.00 0 0 0 1000
1553694869796 54408 0.00 0 0 0 1000
1553694870797 54408 0.00 0 0 0 1000
1553694871797 54408 0.00 0 0 0 1000
1553694872802 54408 0.00 0 0 0 1000
1553694873805 54408 0.00 0 0 0 1000
1553694874809 54408 0.00 0 0 0 1000
1553694878040 54892 0.00 0 0 0 1000
1553694879038 54892 0.00 0 0 0 1000
1553694880038 54892 0.00 0 0 0 1000
1553694881039 54892 931.65 893 970 232 1000
1553694882043 54892 0.00 0 0 125 1000
1553694883046 54892 0.00 0 0 0 1000
1553694884048 54892 0.00 0 0 0 1000
1553694885051 54892 0.00 0 0 0 1000
1553694886052 54892 0.00 0 0 0 1000
1553694887054 54892 0.00 0 0 0 1000
1553694888056 54892 0.00 0 0 0 1000
1553694889061 54892 0.00 0 0 0 1000
1553694890061 54892 0.00 0 0 0 1000
1553694891061 54892 0.00 0 0 0 1000
1553694892063 54892 0.00 0 0 0 1000
1553694893063 54892 0.00 0 0 0 1000
1553694894063 54892 0.00 0 0 0 1000
1553694895066 54892 0.00 0 0 0 1000
1553694896071 54892 0.00 0 0 0 1000
1553694897075 54892 0.00 0 0 0 1000
1553694898075 54892 0.00 0 0 0 1000
1553694899078 54892 0.00 0 0 0 1000
1553694900080 54892 0.00 0 0 0 1000
1553694901085 54892 0.00 0 0 0 1000
1553694902085 54892 0.00 0 0 0 1000
1553694903090 54892 0.00 0 0 0 1000
1553694904095 54892 0.00 0 0 0 1000
1553694905097 54892 0.00 0 0 0 1000
1553694906098 54892 0.00 0 0 0 1000
1553694907099 54892 0.00 0 0 0 1000
1553694908101 54892 0.00 0 0 0 1000
1553694909106 54892 0.00 0 0 0 1000
1553694910108 54892 0.00 0 0 0 1000
1553694911112 54892 0.00 0 0 0 1000
1553694912113 54892 0.00 0 0 0 1000
1553694913116 54892 0.00 0 0 0 1000
1553694914118 54892 0.00 0 0 0 1000
1553694915123 54892 0.00 0 0 0 1000
1553694916126 54892 0.00 0 0 0 1000
1553694917126 54892 0.00 0 0 0 1000
1553694918128 54892 0.00 0 0 0 1000
1553694919130 54892 0.00 0 0 0 1000
1553694920135 54892 0.00 0 0 0 1000
1553694921140 54892 0.00 0 0 0 1000
1553694922142 54892 0.00 0 0 0 1000
1553694923146 54892 0.00 0 0 0 1000
1553694924152 54892 0.00 0 0 0 1000
1553694925157 54892 0.00 0 0 0 1000
1553694926157 54892 0.00 0 0 0 1000
1553694927158 54892 0.00 0 0 0 1000
1553694928163 54892 0.00 0 0 0 1000
1553694929163 54892 0.00 0 0 0 1000
1553694930168 54892 0.00 0 0 0 1000
1553694931173 54892 0.00 0 0 0 1000
1553694932178 54892 0.00 0 0 0 1000
1553694933179 54892 0.00 0 0 0 1000
1553694934181 54892 0.00 0 0 0 1000
1553694935185 54892 0.00 0 0 0 1000
1553694936186 54892 0.00 0 0 0 1000
1553694937190 54892 0.00 0 0 0 1000
1553694938192 54892 0.00 0 0 0 1000
1553694939192 54892 0.00 0 0 0 1000
1553694940193 54892 0.00 0 0 0 1000
1553694941195 54892 0.00 0 0 0 1000
1553694942198 54892 0.00 0 0 0 1000
1553694943203 54892 0.00 0 0 0 1000
1553694944207 54892 0.00 0 0 0 1000
1553694945208 54892 0.00 0 0 0 1000
1553694946208 54892 0.00 0 0 0 1000
1553694947212 54892 0.00 0 0 0 1000
1553694948217 54892 0.00 0 0 0 1000
1553694949217 54892 0.00 0 0 0 1000
1553694950221 54892 0.00 0 0 0 1000
1553694951224 54892 0.00 0 0 0 1000
1553694952225 54892 0.00 0 0 0 1000
1553694953227 54892 0.00 0 0 0 1000
1553694954230 54892 0.00 0 0 0 1000
1553694955233 54892 0.00 0 0 0 1000
1553694956236 54892 0.00 0 0 0 1000
1553694957239 54892 0.00 0 0 0 1000
1553694958240 54892 0.00 0 0 0 1000
1553694959240 54892 0.00 0 0 0 1000
1553694960245 54892 0.00 0 0 0 1000
1553694961249 54892 0.00 0 0 0 1000
1553694962251 54892 0.00 0 0 0 1000
1553694963253 54892 0.00 0 0 0 1000
1553694966517 55174 0.00 0 0 0 1000
1553694967516 55174 0.00 0 0 0 1000
1553694968517 55174 0.00 0 0 0 1000
1553694969517 55174 0.00 0 0 0 1000
1553694970518 55174 0.00 0 0 0 1000
1553694971517 55174 0.00 0 0 0 1000
1553694972518 55174 0.00 0 0 0 1000
1553694973518 55174 0.00 0 0 0 1000
1553694974523 55174 0.00 0 0 0 1000
1553694975527 55174 0.00 0 0 0 1000
1553694976528 55174 2.94 1 41 296 1000
1553694977530 55174 5.07 1 30 244 1000
1553694978532 55174 5.54 1 29 128 1000
1553694979532 55174 0.00 0 0 0 1000
1553694980534 55174 4.25 1 37 128 1000
1553694981536 55174 1.68 1 9 24 1000
1553694982541 55174 3.18 1 37 93 1000
1553694983540 55174 2.30 1 18 87 1000
1553694984545 55174 0.00 0 0 0 1000
1553694985546 55174 1.17 1 2 7 1000
1553694986547 55174 3.97 1 27 294 1000
1553694987549 55174 4.06 1 24 239 1000
1553694988549 55174 3.13 1 6 128 1000
1553694989549 55174 0.00 0 0 0 1000
1553694990553 55174 4.50 1 29 128 1000
1553694991556 55174 1.11 1 2 24 1000
1553694992557 55174 1.31 1 6 94 1000
1553694993559 55174 2.15 1 11 86 1000
1553694994563 55174 0.00 0 0 0 1000
1553694995564 55174 1.00 1 1 11 1000
1553694996563 55174 4.24 1 32 294 1000
1553694997568 55174 2.80 1 18 235 1000
1553694998568 55174 6.92 1 29 128 1000
1553694999568 55174 0.00 0 0 0 1000
1553695000568 55174 4.82 1 18 128 1000
1553695001569 55174 1.50 1 4 24 1000
1553695002569 55174 1.64 1 7 98 1000
1553695003570 55174 3.43 1 22 82 1000
1553695004576 55174 0.00 0 0 0 1000
1553695005577 55174 1.33 1 2 16 1000
1553695006578 55174 1.90 1 12 294 1000
1553695007580 55174 2.45 1 18 230 1000
1553695008585 55174 8.17 2 33 128 1000
1553695009585 55174 0.00 0 0 0 1000
1553695010586 55174 5.05 1 25 128 1000
1553695011591 55174 2.10 1 8 24 1000
1553695012591 55174 1.73 1 10 104 1000
1553695013593 55174 6.25 1 33 76 1000
1553695014596 55174 0.00 0 0 0 1000
1553695015597 55174 1.30 1 2 23 1000
1553695016599 55174 4.79 1 33 292 1000
1553695017599 55174 3.13 1 18 225 1000
1553695018600 55174 6.57 1 36 128 1000
1553695019604 55174 0.00 0 0 0 1000
1553695020607 55174 100.62 1 194 128 1000
1553695021612 55174 2.23 1 8 24 1000
1553695022613 55174 1.67 1 10 104 1000
1553695023614 55174 4.37 1 25 76 1000
1553695024616 55174 0.00 0 0 0 1000
1553695025617 55174 1.42 1 2 28 1000
1553695026618 55174 2.08 1 19 294 1000
1553695027620 55174 4.19 1 26 218 1000
1553695028622 55174 7.91 1 24 128 1000
1553695029627 55174 0.00 0 0 0 1000
1553695030628 55174 2.76 1 24 128 1000
1553695031634 55174 1.08 1 2 24 1000
1553695032633 55174 1.80 1 11 113 1000
1553695033639 55174 2.61 1 20 67 1000
1553695034645 55174 0.00 0 0 0 1000
1553695035644 55174 2.07 1 20 35 1000
1553695036644 55174 2.00 1 21 291 1000
1553695037645 55174 3.46 1 25 214 1000
1553695038650 55174 5.39 1 19 128 1000
1553695039653 55174 0.00 0 0 0 1000
1553695040656 55174 3.71 1 24 128 1000
1553695041660 55174 1.72 1 12 24 1000
1553695042660 55174 2.18 1 12 115 1000
1553695043662 55174 1.29 1 5 65 1000
1553695044668 55174 0.00 0 0 0 1000
1553695045669 55174 1.41 1 4 42 1000
1553695046672 55174 2.74 1 25 287 1000
1553695047677 55174 2.34 1 19 211 1000
1553695048680 55174 5.33 1 18 128 1000
1553695049681 55174 1.75 1 4 32 1000
1553695050684 55174 6.82 1 23 96 1000
1553695051685 55174 1.19 1 3 29 1000
1553695052684 55174 1.95 1 19 123 1000
1553695053690 55174 1.06 1 2 52 1000
1553695054691 55174 0.00 0 0 0 1000
1553695055691 55174 2.59 1 22 49 1000
1553695056691 55174 1.99 1 16 288 1000
1553695057696 55174 3.55 1 33 203 1000
1553695058701 55174 5.55 1 30 128 1000
1553695059701 55174 3.13 1 14 40 1000
1553695060705 55174 9.15 1 22 88 1000
1553695061705 55174 1.13 1 2 34 1000
1553695062706 55174 2.28 1 13 123 1000
1553695063707 55174 1.31 1 2 47 1000
1553695064707 55174 0.00 0 0 0 1000
1553695065708 55174 6.43 1 18 54 1000
1553695066708 55174 3.26 1 21 285 1000
1553695067712 55174 3.55 1 22 201 1000
1553695068716 55174 14.51 1 48 128 1000
1553695069717 55174 3.20 1 15 53 1000
1553695070719 55174 6.44 1 24 75 1000
1553695071719 55174 1.23 1 3 36 1000
1553695072721 55174 1.71 1 14 128 1000
1553695073720 55174 1.41 1 3 40 1000
1553695074723 55174 0.00 0 0 0 1000
1553695075724 55174 3.21 1 14 58 1000
1553695076724 55174 3.47 1 23 288 1000
1553695077730 55174 2.08 1 22 194 1000
1553695078735 55174 6.80 1 19 128 1000
1553695079737 55174 2.19 1 4 53 1000
1553695080740 55174 9.19 1 23 75 1000
1553695081741 55174 2.53 1 44 43 1000
1553695082743 55174 3.08 1 40 123 1000
1553695083750 55174 2.19 1 24 38 1000
1553695084751 55174 0.00 0 0 0 1000
1553695085753 55174 2.04 1 7 66 1000
1553695086768 55174 8.69 1 104 294 1000
1553695087770 55174 44.25 1 152 180 1000
1553695088773 55174 12.05 1 29 128 1000
1553695089797 55174 4.17 1 19 98 1000
1553695090798 55174 7.67 1 35 30 1000
1553695091800 55174 2.67 1 12 57 1000
1553695092802 55174 1.96 1 17 130 1000
1553695093802 55174 2.38 1 8 17 1000
1553695094805 55174 0.00 0 0 0 1000
1553695095806 55174 1.76 1 12 82 1000
1553695096809 55174 2.20 1 38 279 1000
1553695097814 55174 3.39 1 19 179 1000
1553695098814 55174 4.68 1 22 128 1000
1553695099814 55174 5.70 1 24 118 1000
1553695100819 55174 8.00 5 14 10 1000
1553695101825 55174 1.67 1 4 57 1000
1553695102828 55174 4.04 1 21 130 1000
1553695103832 55174 2.20 1 8 17 1000
1553695104834 55174 0.00 0 0 0 1000
1553695105835 55174 7.28 1 57 82 1000
1553695106836 55174 13.19 1 90 279 1000
1553695107837 55174 8.42 1 31 179 1000
1553695108843 55174 5.38 1 29 128 1000
1553695109853 55174 7.11 1 25 128 1000
1553695110858 55174 0.00 0 0 0 1000
1553695111861 55174 1.22 1 3 57 1000
1553695112861 55174 2.61 1 19 146 1000
1553695113863 55174 0.00 0 0 1 1000
1553695114867 55174 0.00 0 0 0 1000
1553695115871 55174 56.89 1 163 90 1000
1553695116911 55174 7.10 1 77 289 1000
1553695117911 55174 17.11 1 78 161 1000
1553695118912 55174 36.59 1 118 128 1000
1553695119939 55174 22.80 1 112 128 1000
1553695120941 55174 0.00 0 0 0 1000
1553695121941 55174 1.33 1 3 68 1000
1553695122942 55174 8.33 1 152 136 1000
1553695123947 55174 0.00 0 0 0 1000
1553695124950 55174 0.00 0 0 0 1000
1553695125950 55174 2.73 1 20 114 1000
1553695126951 55174 5.50 1 28 278 1000
1553695127952 55174 4.16 1 24 148 1000
1553695128952 55174 48.20 1 130 128 1000
1553695129952 55174 14.31 1 43 128 1000
1553695130952 55174 0.00 0 0 0 1000
1553695131955 55174 1.44 1 3 68 1000
1553695132958 55174 3.57 1 51 136 1000
1553695133962 55174 0.00 0 0 0 1000
1553695134965 55174 0.00 0 0 0 1000
1553695135966 55174 4.99 1 32 114 1000
1553695136967 55174 6.45 1 61 278 1000
1553695137968 55174 43.21 1 138 148 1000
1553695138968 55174 15.42 1 43 128 1000
1553695139971 55174 15.92 1 47 128 1000
1553695140971 55174 0.00 0 0 0 1000
1553695141977 55174 1.23 1 2 68 1000
1553695142977 55174 8.68 1 23 136 1000
1553695143981 55174 0.00 0 0 0 1000
1553695144982 55174 0.00 0 0 0 1000
1553695145985 55174 2.75 1 35 114 1000
1553695146987 55174 21.10 1 144 278 1000
1553695147987 55174 33.46 1 151 148 1000
1553695148986 55174 22.45 2 73 128 1000
1553695149986 55174 4.98 1 35 128 1000
1553695150986 55174 0.00 0 0 0 1000
1553695151990 55174 5.63 1 67 68 1000
1553695152989 55174 4.94 1 53 136 1000
1553695153992 55174 0.00 0 0 0 1000
1553695154992 55174 0.00 0 0 0 1000
1553695155993 55174 2.50 1 14 114 1000
1553695156993 55174 5.50 1 22 289 1000
1553695157993 55174 6.64 1 27 137 1000
1553695158993 55174 10.55 1 29 128 1000
1553695159993 55174 9.54 1 82 128 1000
1553695160993 55174 0.00 0 0 0 1000
1553695161994 55174 4.05 1 37 68 1000
1553695162998 55174 2.94 1 20 136 1000
1553695163998 55174 0.00 0 0 0 1000
1553695165002 55174 0.00 0 0 0 1000
1553695166004 55174 3.19 1 19 114 1000
1553695167019 55174 14.87 1 88 298 1000
1553695168020 55174 10.64 1 27 128 1000
1553695169021 55174 15.73 2 70 128 1000
1553695170021 55174 10.59 1 39 128 1000
1553695171021 55174 0.00 0 0 0 1000
1553695172023 55174 3.51 1 19 68 1000
1553695173024 55174 2.90 1 25 136 1000
1553695174028 55174 0.00 0 0 0 1000
1553695175029 55174 0.00 0 0 0 1000
1553695176031 55174 1.60 1 5 139 1000
1553695177034 55174 3.69 1 20 273 1000
1553695178038 55174 6.29 1 39 128 1000
1553695179043 55174 6.45 1 24 128 1000
1553695180046 55174 4.88 1 26 128 1000
1553695181046 55174 0.00 0 0 0 1000
1553695182054 55174 2.94 1 49 73 1000
1553695183057 55174 10.00 1 145 131 1000
1553695184062 55174 0.00 0 0 0 1000
1553695185064 55174 0.00 0 0 0 1000
1553695186065 55174 2.31 1 13 147 1000
1553695187066 55174 3.91 1 21 265 1000
1553695188067 55174 4.10 1 24 128 1000
1553695189072 55174 11.17 1 43 128 1000
1553695190074 55174 4.69 1 16 128 1000
1553695191077 55174 0.00 0 0 0 1000
1553695192078 55174 2.64 1 13 80 1000
1553695193081 55174 3.18 1 21 124 1000
1553695194086 55174 0.00 0 0 0 1000
1553695195087 55174 0.00 0 0 0 1000
1553695196087 55174 2.46 1 21 147 1000
1553695197088 55174 9.35 1 66 265 1000
1553695198089 55174 8.04 1 25 128 1000
1553695199093 55174 5.48 1 32 128 1000
1553695200099 55174 22.25 1 110 128 1000
1553695201099 55174 0.00 0 0 0 1000
1553695202100 55174 2.63 1 13 80 1000
1553695203100 55174 3.66 1 28 124 1000
1553695204100 55174 0.00 0 0 0 1000
1553695205100 55174 0.00 0 0 0 1000
1553695206100 55174 5.56 1 43 147 1000
1553695207103 55174 9.27 1 28 265 1000
1553695208104 55174 4.80 1 29 128 1000
1553695209107 55174 10.20 1 25 128 1000
1553695210109 55174 9.64 1 28 128 1000
1553695211109 55174 0.00 0 0 2 1000
1553695212114 55174 3.71 1 11 78 1000
1553695213117 55174 7.49 1 24 124 1000
1553695214119 55174 0.00 0 0 0 1000
1553695215123 55174 0.00 0 0 0 1000
1553695216124 55174 5.62 1 26 147 1000
1553695217129 55174 40.79 1 190 265 1000
1553695218128 55174 19.54 1 79 128 1000
1553695219132 55174 9.53 1 24 128 1000
1553695220136 55174 6.29 1 19 128 1000
1553695221137 55174 1.00 1 1 2 1000
1553695222141 55174 3.08 1 19 78 1000
1553695223141 55174 7.10 1 24 124 1000
1553695224142 55174 0.00 0 0 0 1000
1553695225143 55174 0.00 0 0 0 1000
1553695226143 55174 2.13 1 12 164 1000
1553695227201 55174 20.20 1 192 278 1000
1553695228205 55174 298.23 11 380 98 1000
1553695229205 55174 9.16 1 27 128 1000
1553695230205 55174 11.45 1 74 128 1000
1553695231208 55174 1.00 1 1 2 1000
1553695232209 55174 3.27 1 21 85 1000
1553695233214 55174 5.32 1 31 117 1000
1553695234215 55174 0.00 0 0 0 1000
1553695235218 55174 0.00 0 0 0 1000
1553695236221 55174 3.10 1 14 164 1000
1553695237221 55174 4.67 1 20 278 1000
1553695238223 55174 4.27 1 16 98 1000
1553695239228 55174 9.02 1 37 128 1000
1553695240230 55174 8.65 1 26 128 1000
1553695241234 55174 1.00 1 1 2 1000
1553695242235 55174 2.10 1 12 91 1000
1553695243239 55174 5.50 1 20 111 1000
1553695244240 55174 0.00 0 0 0 1000
1553695245240 55174 0.00 0 0 0 1000
1553695246280 55174 5.19 1 46 185 1000
1553695247282 55174 34.87 1 156 257 1000
1553695248285 55174 6.12 1 25 161 1000
1553695249289 55174 34.45 1 62 65 1000
1553695250293 55174 2.50 2 3 36 1000
1553695259998 56074 0.00 0 0 0 1000
1553695261003 56074 0.00 0 0 0 1000
1553695262003 56074 0.00 0 0 0 1000
1553695263202 56074 0.00 0 0 247 1000
1553695264203 56074 0.00 0 0 0 1000
1553695265208 56074 0.00 0 0 0 1000
1553695266208 56074 0.00 0 0 0 1000
1553695267208 56074 0.00 0 0 0 1000
1553695268211 56074 0.00 0 0 0 1000
1553695269211 56074 0.00 0 0 0 1000
1553695270215 56074 0.00 0 0 0 1000
1553695271216 56074 0.00 0 0 0 1000
1553695273605 56153 0.00 0 0 0 1000
1553695274606 56153 0.00 0 0 0 1000
1553695275608 56153 0.00 0 0 0 1000
1553695276609 56153 135.77 91 199 290 1000
1553695277610 56153 546.27 524 565 240 1000
1553695278610 56153 0.00 0 0 128 1000
1553695279610 56153 0.00 0 0 226 1000
1553695280610 56153 0.00 0 0 0 1000
1553695281613 56153 0.00 0 0 0 1000
1553695282615 56153 0.00 0 0 0 1000
1553695283616 56153 0.00 0 0 0 1000
1553695284619 56153 0.00 0 0 0 1000
1553695285620 56153 0.00 0 0 0 1000
1553695286620 56153 0.00 0 0 0 1000
1553695287625 56153 0.00 0 0 0 1000
1553695290093 56200 0.00 0 0 0 1000
1553695291096 56200 0.00 0 0 0 1000
1553695292099 56200 0.00 0 0 0 1000
1553695293099 56200 186.46 94 270 290 1000
1553695294099 56200 478.33 472 485 158 1000
1553695295101 56200 0.00 0 0 36 1000
1553695296101 56200 216.12 125 244 510 1000
1553695297100 56200 664.47 333 725 286 1000
1553695298100 56200 0.00 0 0 97 1000
1553695299101 56200 26.06 1 103 613 1000
1553695300105 56200 10.76 1 48 286 1000
1553695301105 56200 0.00 0 0 0 1000
1553695449643 56657 0.00 0 0 0 500
1553695450643 56657 0.00 0 0 0 500
1553695451644 56657 0.00 0 0 0 500
1553695452644 56657 241.03 1 466 322 500
1553695453645 56657 5.82 1 28 179 500
1553695454650 56657 0.00 0 0 0 500
1553695455664 56657 2.28 1 13 345 500
1553695456668 56657 7.15 1 31 156 500
1553695457667 56657 1.17 1 2 6 500
1553695458697 56657 30.03 1 299 342 500
1553695459702 56657 3.62 1 8 153 500
1553695460701 56657 3.44 1 9 18 500
1553695461703 56657 19.38 1 53 365 500
1553695462705 56657 9.56 1 45 118 500
1553695463706 56657 1.36 1 3 20 500
1553695464716 56657 10.49 1 33 372 500
1553695465716 56657 3.35 1 13 109 500
1553695466730 56657 1.29 1 2 20 500
1553695467733 56657 11.73 1 39 372 500
1553695468733 56657 8.29 1 38 109 500
1553695469734 56657 1.00 1 1 20 500
1553695470733 56657 9.03 1 32 372 500
1553695471739 56657 4.20 1 19 109 500
1553695472739 56657 2.27 1 4 20 500
1553695473749 56657 15.40 1 70 377 500
1553695474754 56657 5.35 1 21 104 500
1553695475757 56657 1.17 1 2 20 500
1553695476815 56657 7.73 1 61 416 500
1553695477817 56657 4.70 1 27 65 500
1553695478820 56657 1.73 1 3 20 500
1553695479820 56657 8.58 1 64 416 500
1553695480824 56657 5.53 1 21 65 500
1553695481825 56657 1.30 1 2 20 500
1553695482860 56657 22.28 1 103 416 500
1553695483865 56657 2.60 1 13 65 500
1553695484866 56657 1.25 1 2 20 500
1553695485866 56657 8.84 1 40 416 500
1553695486869 56657 2.81 1 22 65 500
1553695487872 56657 2.05 1 4 20 500
1553695488875 56657 60.09 1 210 416 500
1553695489874 56657 2.21 1 6 65 500
1553695490874 56657 1.53 1 3 20 500
1553695491875 56657 14.97 1 37 416 500
1553695492880 56657 8.67 1 32 65 500
1553695493882 56657 1.58 1 2 20 500
1553695494884 56657 17.23 1 69 416 500
1553695495888 56657 8.55 1 36 65 500
1553695496888 56657 1.20 1 2 20 500
1553695497894 56657 13.82 1 41 416 500
1553695498895 56657 5.63 1 15 65 500
1553695499897 56657 1.76 1 3 20 500
1553695500907 56657 26.22 1 106 416 500
1553695501911 56657 5.23 1 46 65 500
1553695502911 56657 2.35 1 3 20 500
1553695503914 56657 39.14 1 129 416 500
1553695504915 56657 3.44 1 16 65 500
1553695505920 56657 1.78 1 3 20 500
1553695506926 56657 10.34 1 37 416 500
1553695507926 56657 4.87 1 14 65 500
1553695526588 56948 0.00 0 0 0 500
1553695527587 56948 0.00 0 0 0 500
1553695528587 56948 0.00 0 0 0 500
1553695529587 56948 272.56 60 487 149 500
1553695530588 56948 292.01 1 668 147 500
1553695531589 56948 1.67 1 13 150 500
1553695532589 56948 1.64 1 13 204 500
1553695533589 56948 1.40 1 12 147 500
1553695534589 56948 1.57 1 14 150 500
1553695535591 56948 56.42 1 367 203 500
1553695536592 56948 2.25 1 16 148 500
1553695537591 56948 6.69 1 48 151 500
1553695538593 56948 8.10 1 72 202 500
1553695539593 56948 1.27 1 4 149 500
1553695540596 56948 1.40 1 11 150 500
1553695541596 56948 4.73 1 19 203 500
1553695542596 56948 1.23 1 3 148 500
1553695543595 56948 1.04 1 2 143 500
1553695544596 56948 2.52 1 9 210 500
1553695545597 56948 1.21 1 4 148 500
1553695546600 56948 1.36 1 4 150 500
1553695547600 56948 3.42 1 18 204 500
1553695548600 56948 1.14 1 2 147 500
1553695549599 56948 1.19 1 7 146 500
1553695550600 56948 2.86 1 33 208 500
1553695551600 56948 2.38 1 25 147 500
1553695552601 56948 1.91 1 20 150 500
1553695553601 56948 12.47 1 94 204 500
1553695554601 56948 1.52 1 12 147 500
1553695555603 56948 1.92 1 17 150 500
1553695556604 56948 74.07 1 249 205 500
1553695557604 56948 1.40 1 7 146 500
1553695558604 56948 1.82 1 8 150 500
1553695559605 56948 8.07 1 45 205 500
1553695560614 56948 2.40 1 20 146 500
1553695561613 56948 5.90 1 81 150 500
1553695562636 56948 108.08 1 327 208 500
1553695563635 56948 90.01 1 233 148 500
1553695564636 56948 5.02 1 76 145 500
1553695565639 56948 39.98 1 247 208 500
1553695566638 56948 3.50 1 38 148 500
1553695567639 56948 1.92 1 15 145 500
1553695568643 56948 3.45 1 12 208 500
1553695569645 56948 2.26 1 7 148 500
1553695570647 56948 1.74 1 11 145 500
1553695571667 56948 6.42 1 27 208 500
1553695572668 56948 2.05 1 7 153 500
1553695573670 56948 1.32 1 3 146 500
1553695574671 56948 4.61 1 23 202 500
1553695575670 56948 2.17 1 10 153 500
1553695576672 56948 1.50 1 8 146 500
1553695577674 56948 5.74 1 39 202 500
1553695578677 56948 3.86 1 18 153 500
1553695579680 56948 2.30 1 33 146 500
1553695580684 56948 5.40 1 24 202 500
1553695581684 56948 2.01 1 13 154 500
1553695582687 56948 1.38 1 13 145 500
1553695583688 56948 5.87 1 22 202 500
1553695584687 56948 2.33 1 15 156 500
1553695585688 56948 1.67 1 18 143 500
1553695586691 56948 6.12 1 44 202 500
1553695587691 56948 2.32 1 15 156 500
1553695588691 56948 1.52 1 4 143 500
1553695589691 56948 4.40 1 18 202 500
1553695590692 56948 2.86 1 17 156 500
1553695591696 56948 1.19 1 4 143 500
1553695592700 56948 3.93 1 29 202 500
1553695593702 56948 2.52 1 15 156 500
1553695594705 56948 2.02 1 17 143 500
1553695595871 56948 14.88 1 257 216 500
1553695596876 56948 25.75 1 105 162 500
1553695597877 56948 9.12 1 56 154 500
1553695598879 56948 8.56 1 39 185 500
1553695600251 56948 4.04 1 39 224 500
1553695601256 56948 145.52 1 394 150 500
1553695602256 56948 3.88 1 34 202 500
1553695603256 56948 3.14 1 72 149 500
1553695604256 56948 5.11 1 35 150 500
1553695605258 56948 4.81 1 20 202 500
1553695606259 56948 5.09 1 47 137 500
1553695607262 56948 3.46 1 15 162 500
1553695608261 56948 2.84 1 9 205 500
1553695609262 56948 2.82 1 24 146 500
1553695610264 56948 6.46 1 26 150 500
1553695611264 56948 5.29 1 29 205 500
1553695612265 56948 2.80 1 16 139 500
1553695613266 56948 5.95 1 53 157 500
1553695614265 56948 4.42 1 38 205 500
1553695615265 56948 2.31 1 6 139 500
1553695616270 56948 3.18 1 12 157 500
1553695617272 56948 3.82 1 22 205 500
1553695618271 56948 2.42 1 9 146 500
1553695619274 56948 3.20 1 10 150 500
1553695620275 56948 4.09 1 23 205 500
1553695621274 56948 3.22 1 21 146 500
1553695622275 56948 6.97 1 34 150 500
1553695623277 56948 2.60 1 10 205 500
1553695624442 56948 22.46 1 177 146 500
1553695625442 56948 9.98 1 66 180 500
1553695626442 56948 7.11 1 35 193 500
1553695627443 56948 10.68 1 71 128 500
1553695628444 56948 2.96 1 26 180 500
1553695629444 56948 5.84 1 25 193 500
1553695630444 56948 4.47 1 24 128 500
1553695631446 56948 6.51 1 28 180 500
1553695632446 56948 3.96 1 20 193 500
1553695633448 56948 3.40 1 7 137 500
1553695634492 56948 3.29 1 128 171 500
1553695635492 56948 12.44 1 44 199 500
1553695636495 56948 3.28 1 20 146 500
1553695637495 56948 5.16 1 27 156 500
1553695638495 56948 5.66 1 28 199 500
1553695639498 56948 3.30 1 31 146 500
1553695640499 56948 2.31 1 6 156 500
1553695641500 56948 14.56 1 113 199 500
1553695642502 56948 3.68 1 7 146 500
1553695643501 56948 2.32 1 7 156 500
1553695644502 56948 5.38 1 27 199 500
1553695645503 56948 4.49 1 8 146 500
1553695646502 56948 2.93 1 7 156 500
1553695647502 56948 4.51 1 34 199 500
1553695648503 56948 4.08 1 15 146 500
1553695649502 56948 4.59 1 30 156 500
1553695650503 56948 130.84 1 366 199 500
1553695650661 57632 0.00 0 0 0 500
1553695651505 56948 294.21 193 471 146 500
1553695651661 57632 0.00 0 0 0 500
1553695652504 56948 0.00 0 0 156 500
1553695652660 57632 0.00 0 0 0 500
1553695653507 56948 407.07 175 548 199 500
1553695653661 57632 0.00 0 0 133 500
1553695654662 57632 0.00 0 0 149 500
1553695654732 56948 224.95 88 683 168 500
1553695655662 57632 0.00 0 0 101 500
1553695655735 56948 0.00 0 0 211 500
1553695656665 57632 0.00 0 0 171 500
1553695656736 56948 0.00 0 0 68 500
1553695657665 57632 0.00 0 0 0 500
1553695657736 56948 0.00 0 0 0 500
1553695658669 57632 0.00 0 0 0 500
1553695658736 56948 0.00 0 0 0 500
1553695659673 57632 0.00 0 0 0 500
1553695659738 56948 0.00 0 0 0 500
1553695660676 57632 0.00 0 0 0 500
1553695660739 56948 0.00 0 0 0 500
1553695661679 57632 0.00 0 0 0 500
1553695661739 56948 0.00 0 0 0 500
1553695662685 57632 0.00 0 0 0 500
1553695662743 56948 0.00 0 0 0 500
1553695663689 57632 0.00 0 0 0 500
1553695663746 56948 0.00 0 0 0 500
1553695664689 57632 0.00 0 0 0 500
1553695664746 56948 0.00 0 0 0 500
1553695665689 57632 0.00 0 0 0 500
1553695665752 56948 0.00 0 0 0 500
1553695666689 57632 0.00 0 0 0 500
1553695666756 56948 0.00 0 0 0 500
1553695667690 57632 0.00 0 0 0 500
1553695667759 56948 0.00 0 0 0 500
1553695668694 57632 0.00 0 0 0 500
1553695668764 56948 0.00 0 0 0 500
1553695669698 57632 0.00 0 0 0 500
1553695669769 56948 0.00 0 0 0 500
1553695670703 57632 0.00 0 0 0 500
1553695670775 56948 0.00 0 0 0 500
1553695671708 57632 0.00 0 0 0 500
1553695671775 56948 0.00 0 0 0 500
1553695672711 57632 0.00 0 0 0 500
1553695672780 56948 0.00 0 0 0 500
1553695673717 57632 0.00 0 0 0 500
1553695673786 56948 0.00 0 0 0 500
1553695674718 57632 0.00 0 0 0 500
1553695674792 56948 0.00 0 0 0 500
1553695675723 57632 0.00 0 0 0 500
1553695675797 56948 0.00 0 0 0 500
1553695676727 57632 0.00 0 0 0 500
1553695676802 56948 0.00 0 0 0 500
1553695677727 57632 0.00 0 0 0 500
1553695677804 56948 0.00 0 0 0 500
1553695711971 57897 0.00 0 0 0 3000
1553695712971 57897 0.00 0 0 0 3000
1553695713971 57897 0.00 0 0 0 3000
1553695714972 57897 264.21 43 548 138 3000
1553695715972 57897 254.15 43 497 145 3000
1553695716972 57897 427.13 126 724 152 3000
1553695717972 57897 191.24 115 251 283 3000
1553695718972 57897 302.82 216 393 293 3000
1553695719972 57897 200.00 150 619 306 3000
1553695720973 57897 196.67 192 201 424 3000
1553695721972 57897 464.36 399 529 426 3000
1553695722972 57897 258.61 122 479 446 3000
1553695723973 57897 0.00 0 0 150 3000
1553695724974 57897 0.00 0 0 0 3000
1553695725973 57897 0.00 0 0 0 3000
1553695726974 57897 0.00 0 0 0 3000
1553695727975 57897 0.00 0 0 0 3000
1553695728975 57897 0.00 0 0 0 3000
1553695729976 57897 0.00 0 0 0 3000
1553695789300 58246 0.00 0 0 0 3000
1553695790300 58246 0.00 0 0 0 3000
1553695791300 58246 0.00 0 0 0 3000
1553695792300 58246 0.00 0 0 0 3000
1553695793301 58246 0.00 0 0 0 3000
1553695794302 58246 0.00 0 0 0 3000
1553695795302 58246 0.00 0 0 0 3000
1553695796303 58246 0.00 0 0 0 3000
1553695797303 58246 109.77 29 179 147 3000
1553695798303 58246 232.84 173 309 151 3000
1553695799303 58246 273.92 153 373 151 3000
1553695800308 58246 255.61 152 370 299 3000
1553695801312 58246 0.00 0 0 303 3000
1553695802311 58246 0.00 0 0 308 3000
1553695803312 58246 357.36 172 502 458 3000
1553695804315 58246 0.00 0 0 456 3000
1553695805336 58246 516.29 310 682 473 3000
1553695806337 58246 0.00 0 0 586 3000
1553695807403 58246 164.85 154 182 598 3000
1553695808415 58246 0.00 0 0 612 3000
1553695809414 58246 0.00 0 0 705 3000
1553695810415 58246 0.00 0 0 590 3000
1553695811416 58246 0.00 0 0 0 3000
1553695812415 58246 0.00 0 0 0 3000
1553695813416 58246 0.00 0 0 0 3000
1553695814419 58246 0.00 0 0 0 3000
1553695815425 58246 0.00 0 0 128 3000
1553695816426 58246 0.00 0 0 0 3000
1553695817430 58246 0.00 0 0 0 3000
1553695818432 58246 0.00 0 0 128 3000
1553695819436 58246 0.00 0 0 0 3000
1553695964274 58705 0.00 0 0 0 2000
1553695965274 58705 0.00 0 0 0 2000
1553695966273 58705 0.00 0 0 0 2000
1553695967273 58705 0.00 0 0 0 2000
1553695968274 58705 0.00 0 0 0 2000
1553695969278 58705 0.00 0 0 0 2000
1553695970278 58705 0.00 0 0 0 2000
1553695971279 58705 0.00 0 0 0 2000
1553695972279 58705 0.00 0 0 148 2000
1553695973279 58705 443.43 308 571 151 2000
1553695974281 58705 512.89 287 728 129 2000
1553695975281 58705 0.00 0 0 308 2000
1553695976281 58705 0.00 0 0 305 2000
1553695977281 58705 197.12 130 308 230 2000
1553695978282 58705 0.00 0 0 437 2000
1553695979284 58705 185.00 80 303 433 2000
1553695980284 58705 841.90 725 945 230 2000
1553695981285 58705 0.00 0 0 564 2000
1553695982286 58705 585.80 467 725 564 2000
1553695983285 58705 193.86 50 335 233 2000
1553695984285 58705 0.00 0 0 686 2000
1553695985286 58705 513.01 44 945 689 2000
1553695986297 58705 644.34 560 746 243 2000
1553695987298 58705 279.04 165 373 791 2000
1553695988302 58705 281.57 51 394 811 2000
1553695989302 58705 321.03 137 516 275 2000
1553695990466 58705 73.13 1 518 835 2000
1553695991467 58705 95.82 35 401 864 2000
1553695992470 58705 10.16 1 86 342 2000
1553695993470 58705 14.24 1 36 733 2000
1553695994503 58705 174.87 1 292 874 2000
1553695995506 58705 631.34 530 737 355 2000
1553695996508 58705 0.00 0 0 766 2000
1553695997508 58705 111.23 1 523 878 2000
1553695998511 58705 42.99 1 196 355 2000
1553695999511 58705 184.55 1 423 767 2000
1553696000511 58705 44.39 1 117 877 2000
1553696001514 58705 10.68 1 37 355 2000
1553696002514 58705 17.11 1 58 767 2000
1553696003516 58705 13.60 1 64 877 2000
1553696004516 58705 7.52 1 33 355 2000
1553696005534 58705 16.32 1 62 767 2000
1553696006535 58705 23.40 1 65 878 2000
1553696007535 58705 6.79 1 31 354 2000
1553696008552 58705 14.92 1 50 767 2000
1553696009557 58705 14.90 1 68 878 2000
1553696010553 58705 9.14 1 29 392 2000
1553696011556 58705 63.02 1 171 729 2000
1553696012558 58705 40.18 1 120 878 2000
1553696013558 58705 8.15 1 42 392 2000
1553696014560 58705 13.47 1 39 729 2000
1553696015561 58705 18.87 1 56 894 2000
1553696016562 58705 11.15 1 77 376 2000
1553696017594 58705 447.89 86 683 729 2000
1553696018618 58705 292.81 177 435 896 2000
1553696019618 58705 294.59 43 814 374 2000
1553696020675 58705 21.50 1 121 764 2000
1553696021676 58705 23.73 1 69 873 2000
1553696022677 58705 12.82 1 49 390 2000
1553696023679 58705 13.59 1 58 736 2000
