time pid conn rev send cpu mem
1553692742594 47198 0 0 0   1.0  0.3 
1553692743594 47198 0 0 0   0.6  0.3 
1553692744595 47198 0 0 0   0.0  0.3 
1553692746052 47198 100 100 100  37.2  0.3 
1553692746811 47198 100 100 100   1.7  0.3 
1553692747821 47198 100 100 100   0.0  0.3 
1553692748823 47198 100 100 100   0.0  0.3 
1553692749819 47198 100 100 100   0.0  0.3 
1553692750821 47198 100 200 200   4.4  0.3 
1553692751821 47198 100 200 200   0.1  0.3 
1553692752819 47198 100 200 200   0.3  0.3 
1553692753823 47198 100 200 200   0.0  0.3 
1553692754822 47198 100 200 200   0.0  0.3 
1553692755823 47198 100 300 300   6.0  0.3 
1553692756822 47198 100 300 300   0.1  0.3 
1553692791147 47387 0 0 0   1.9  0.3 
1553692792144 47387 0 0 0   0.2  0.3 
1553692793144 47387 0 0 0   0.0  0.3 
1553692794149 47387 0 0 0   0.0  0.3 
1553692795309 47387 100 100 100  17.1  0.3 
1553692796168 47387 100 100 100   1.1  0.3 
1553692797170 47387 100 100 100   0.0  0.3 
1553692798172 47387 100 100 100   0.0  0.3 
1553692799176 47387 100 100 100   0.0  0.3 
1553692800178 47387 100 200 200   1.8  0.3 
1553692801182 47387 100 200 200   0.0  0.3 
1553692802182 47387 100 200 200   0.0  0.3 
1553692803186 47387 100 200 200   0.0  0.3 
1553692804186 47387 100 200 200   0.0  0.3 
1553692805184 47387 100 300 300   2.3  0.3 
1553692806188 47387 100 300 300   0.0  0.3 
1553692807189 47387 100 300 300   0.0  0.3 
1553692808193 47387 100 300 300   0.0  0.3 
1553692809195 47387 100 300 300   0.0  0.3 
1553692810195 47387 100 400 400   2.1  0.3 
1553692811197 47387 100 400 400   0.0  0.3 
1553692812260 47387 100 400 400   0.5  0.3 
1553692813204 47387 100 400 400   0.0  0.3 
1553692814203 47387 100 400 400   0.0  0.3 
1553692815205 47387 100 500 500   1.7  0.3 
1553692816210 47387 100 500 500   0.0  0.3 
1553692817213 47387 100 500 500   0.0  0.4 
1553692818216 47387 100 500 500   0.0  0.4 
1553692819220 47387 100 500 500   0.0  0.4 
1553692820224 47387 100 600 600   1.2  0.4 
1553692821230 47387 100 600 600   0.0  0.4 
1553692822229 47387 100 600 600   0.0  0.4 
1553692823232 47387 100 600 600   0.0  0.4 
1553692824232 47387 100 600 600   0.0  0.4 
1553692825235 47387 100 700 700   1.2  0.3 
1553692826234 47387 100 700 700   0.0  0.3 
1553692827250 47387 100 700 700   0.0  0.3 
1553692918401 47898 0 0 0   1.1  0.3 
1553692919384 47898 0 0 0   0.2  0.3 
1553692920854 47898 100 100 100  22.8  0.3 
1553692921857 47898 100 100 100   0.7  0.3 
1553692922858 47898 100 100 100   0.0  0.3 
1553692923860 47898 100 100 100   0.0  0.3 
1553692924865 47898 100 100 100   0.0  0.3 
1553692925870 47898 100 200 200   0.7  0.3 
1553692926874 47898 100 200 200   0.0  0.3 
1553692927878 47898 100 200 200   0.0  0.3 
1553692928879 47898 100 200 200   0.0  0.3 
1553692929880 47898 100 200 200   0.0  0.3 
1553692930879 47898 100 300 300   0.8  0.3 
1553692931879 47898 100 300 300   0.0  0.3 
1553692932885 47898 100 300 300   0.0  0.3 
1553692933890 47898 100 300 300   0.0  0.3 
1553692934890 47898 100 300 300   0.0  0.3 
1553692935891 47898 100 400 400   3.7  0.3 
1553692936896 47898 100 400 400   0.0  0.3 
1553692937964 47898 100 400 400   0.0  0.3 
1553692938906 47898 100 400 400   0.0  0.3 
1553692939908 47898 100 400 400   0.0  0.3 
1553692940908 47898 100 400 400   0.0  0.3 
1553692941915 47898 100 400 400   0.0  0.3 
1553692942916 47898 100 400 400   0.4  0.3 
1553692943917 47898 100 400 400   0.0  0.3 
1553692944920 47898 100 400 400   0.0  0.3 
1553692945921 47898 100 400 400   0.0  0.3 
1553692946924 47898 100 400 400   0.0  0.3 
1553692947926 47898 100 400 400   0.0  0.3 
1553692948926 47898 100 400 400   0.0  0.3 
1553692949931 47898 100 400 400   0.0  0.3 
1553692950934 47898 100 400 400   0.0  0.3 
1553692951936 47898 100 400 400   0.0  0.3 
1553692952936 47898 100 400 400   0.0  0.3 
1553692953940 47898 100 400 400   0.0  0.3 
1553692954939 47898 100 400 400   0.0  0.3 
1553692955944 47898 100 400 400   0.0  0.3 
1553692956944 47898 100 400 400   0.0  0.3 
1553692957948 47898 100 400 400   0.0  0.3 
1553692958950 47898 100 400 400   0.0  0.3 
1553692959953 47898 100 400 400   0.0  0.3 
1553692960955 47898 100 400 400   0.0  0.3 
1553692961954 47898 100 400 400   0.0  0.3 
1553692962961 47898 100 400 400   0.0  0.3 
1553692963963 47898 100 400 400   0.0  0.3 
1553692964960 47898 100 400 400   0.0  0.3 
1553692965984 47898 100 400 400   0.0  0.3 
1553692966972 47898 100 400 400   0.0  0.3 
1553692967973 47898 100 400 400   0.0  0.3 
1553692968977 47898 100 400 400   0.0  0.3 
1553692969979 47898 100 400 400   0.4  0.3 
1553692970978 47898 100 400 400   0.0  0.3 
1553692971985 47898 100 400 400   0.0  0.3 
1553692972988 47898 100 400 400   0.0  0.3 
1553692973991 47898 100 400 400   0.0  0.3 
1553692974997 47898 100 400 400   0.0  0.3 
1553692976004 47898 100 400 400   0.0  0.3 
1553692977008 47898 100 400 400   0.0  0.3 
1553692978008 47898 100 400 400   0.0  0.3 
1553692979009 47898 100 400 400   0.0  0.3 
1553692980015 47898 100 400 400   0.0  0.3 
1553692981016 47898 100 400 400   0.0  0.3 
1553692982017 47898 100 400 400   0.0  0.3 
1553692983019 47898 100 400 400   0.0  0.3 
1553692984021 47898 100 400 400   0.0  0.3 
1553692985022 47898 100 400 400   0.0  0.3 
1553692986024 47898 100 400 400   0.0  0.3 
1553692987032 47898 100 400 400   0.0  0.3 
1553692988028 47898 100 400 400   0.0  0.3 
1553692989031 47898 100 400 400   0.0  0.3 
1553692990035 47898 100 400 400   0.6  0.3 
1553692991038 47898 100 400 400   0.0  0.3 
1553692992054 47898 100 400 400   0.0  0.3 
1553692993042 47898 100 400 400   0.0  0.3 
1553692994048 47898 100 400 400   0.0  0.3 
1553692995049 47898 100 400 400   0.0  0.3 
1553692996051 47898 100 400 400   0.0  0.3 
1553692997051 47898 100 400 400   0.0  0.3 
1553692998055 47898 100 400 400   0.0  0.3 
1553692999056 47898 100 400 400   0.0  0.3 
1553693000056 47898 100 400 400   0.0  0.3 
1553693001063 47898 100 400 400   0.0  0.3 
1553693002068 47898 100 400 400   0.0  0.3 
1553693003073 47898 100 400 400   0.0  0.3 
1553693004078 47898 100 400 400   0.0  0.3 
1553693005078 47898 100 400 400   0.0  0.3 
1553693006078 47898 100 400 400   0.0  0.3 
1553693007081 47898 100 400 400   0.0  0.3 
1553693008084 47898 100 400 400   0.0  0.3 
1553693009089 47898 100 400 400   0.0  0.3 
1553693010096 47898 100 400 400   0.0  0.3 
1553693011095 47898 100 400 400   0.0  0.3 
1553693012096 47898 100 400 400   0.0  0.3 
1553693013102 47898 100 400 400   0.0  0.3 
1553693014102 47898 100 400 400   0.0  0.3 
1553693015108 47898 100 400 400   1.4  0.3 
1553693016112 47898 100 400 400   0.5  0.3 
1553693017112 47898 100 400 400   0.0  0.3 
1553693018113 47898 100 400 400   0.0  0.3 
1553693019113 47898 100 400 400   0.0  0.3 
1553693020116 47898 100 400 400   0.0  0.3 
1553693021116 47898 100 400 400   0.0  0.3 
1553693022120 47898 100 400 400   0.0  0.3 
1553693023119 47898 100 400 400   0.0  0.3 
1553693024126 47898 100 400 400   0.0  0.3 
1553693025127 47898 100 400 400   0.0  0.3 
1553693026126 47898 100 400 400   0.0  0.3 
1553693027131 47898 100 400 400   0.0  0.3 
1553693028137 47898 100 400 400   0.0  0.3 
1553693029132 47898 100 400 400   0.0  0.3 
1553693030132 47898 100 400 400   0.0  0.3 
1553693031138 47898 100 400 400   0.0  0.3 
1553693032144 47898 100 400 400   0.0  0.3 
1553693033157 47898 100 400 400   0.4  0.3 
1553693034148 47898 100 400 400   0.0  0.3 
1553693035145 47898 100 400 400   0.0  0.3 
1553693036158 47898 100 400 400   0.0  0.3 
1553693037152 47898 100 400 400   0.0  0.3 
1553693039481 48425 0 0 0   1.0  0.3 
1553693040482 48425 0 0 0   0.2  0.3 
1553693041581 48425 100 100 100  22.3  0.3 
1553693042506 48425 100 100 100   1.1  0.3 
1553693043518 48425 100 100 100   0.6  0.3 
1553693044511 48425 100 100 100   0.0  0.3 
1553693045512 48425 100 100 100   0.0  0.3 
1553693046521 48425 100 200 200   3.1  0.3 
1553693179167 48856 0 0 0   1.0  0.3 
1553693180162 48856 0 0 0   0.6  0.3 
1553693181162 48856 0 0 0   0.0  0.3 
1553693182175 48856 100 100 100  12.5  0.3 
1553693183179 48856 100 100 100   0.6  0.3 
1553693184169 48856 100 100 100   0.0  0.3 
1553693185177 48856 100 100 100   0.6  0.3 
1553693186173 48856 100 100 100   0.0  0.3 
1553693187176 48856 100 200 200   0.7  0.3 
1553693188176 48856 100 200 200   0.0  0.3 
1553693189177 48856 100 200 200   0.0  0.3 
1553693190182 48856 100 200 200   0.0  0.3 
1553693191188 48856 100 200 200   0.0  0.3 
1553693192186 48856 100 300 300   0.6  0.3 
1553693193190 48856 100 300 300   0.0  0.3 
1553693194193 48856 100 300 300   0.6  0.3 
1553693195197 48856 100 300 300   0.0  0.3 
1553693196199 48856 100 300 300   0.0  0.3 
1553693197205 48856 100 400 400   1.1  0.3 
1553693198212 48856 100 400 400   0.0  0.3 
1553693199212 48856 100 400 400   0.0  0.3 
1553693200214 48856 100 400 400   0.0  0.3 
1553693201219 48856 100 400 400   0.0  0.3 
1553693202221 48856 100 500 500   0.6  0.3 
1553693203223 48856 100 500 500   0.0  0.3 
1553693204224 48856 100 500 500   0.0  0.3 
1553693205230 48856 100 500 500   0.0  0.3 
1553693206231 48856 100 500 500   0.0  0.3 
1553693207229 48856 100 600 600   0.5  0.3 
1553693208230 48856 100 600 600   0.0  0.3 
1553693209235 48856 100 600 600   0.0  0.3 
1553693210236 48856 100 600 600   0.0  0.3 
1553693211242 48856 100 600 600   0.4  0.3 
1553693212241 48856 100 700 700   1.0  0.3 
1553693213242 48856 100 700 700   0.0  0.3 
1553693214249 48856 100 700 700   0.0  0.3 
1553693215251 48856 100 700 700   0.0  0.3 
1553693216636 48856 100 800 800   0.0  0.3 
1553693217257 48856 100 800 800   1.2  0.3 
1553693218257 48856 100 800 800   0.0  0.3 
1553693219255 48856 100 800 800   0.0  0.3 
1553693220266 48856 100 800 800   0.0  0.3 
1553693221264 48856 100 808 808   0.0  0.3 
1553693222269 48856 100 900 900   0.8  0.3 
1553693223266 48856 100 900 900   0.0  0.3 
1553693224271 48856 100 900 900   0.0  0.3 
1553693225285 48856 100 900 900   0.0  0.3 
1553693226288 48856 100 937 937   1.6  0.3 
1553693227282 48856 100 1000 1000   1.8  0.3 
1553693228281 48856 100 1000 1000   0.0  0.3 
1553693229284 48856 100 1000 1000   0.0  0.3 
1553693230289 48856 100 1000 1000   0.0  0.3 
1553693231295 48856 100 1037 1037   0.0  0.3 
1553693232288 48856 100 1100 1100   0.6  0.3 
1553693233293 48856 100 1100 1100   0.0  0.3 
1553693234301 48856 100 1100 1100   0.0  0.3 
1553693235300 48856 100 1100 1100   0.0  0.3 
1553693236304 48856 100 1137 1137   2.6  0.3 
1553693237303 48856 100 1200 1200   0.5  0.3 
1553693238304 48856 100 1200 1200   0.0  0.3 
1553693239314 48856 100 1200 1200   0.0  0.3 
1553693265854 49198 0 0 0   1.5  0.3 
1553693267369 49198 100 100 100  26.0  0.3 
1553693268191 49198 100 100 100   0.9  0.3 
1553693269175 49198 100 100 100   0.0  0.3 
1553693270182 49198 100 100 100   0.3  0.3 
1553693271178 49198 100 100 100   0.4  0.3 
1553693272174 49198 100 200 200   3.4  0.3 
1553693273178 49198 100 200 200   0.0  0.3 
1553693274180 49198 100 200 200   0.0  0.3 
1553693275184 49198 100 200 200   0.0  0.3 
1553693276183 49198 100 200 200   0.0  0.3 
1553693277189 49198 100 300 300   2.4  0.3 
1553693278191 49198 100 300 300   0.0  0.3 
1553693279192 49198 100 300 300   0.0  0.3 
1553693280196 49198 100 300 300   0.0  0.3 
1553693281203 49198 100 300 300   0.4  0.3 
1553693282202 49198 100 400 400   3.3  0.3 
1553693283202 49198 100 400 400   0.0  0.3 
1553693284203 49198 100 400 400   0.0  0.3 
1553693285210 49198 100 400 400   0.0  0.3 
1553693286208 49198 100 400 400   0.0  0.3 
1553693287229 49198 100 500 500   3.6  0.3 
1553693288229 49198 100 500 500   0.1  0.3 
1553693289220 49198 100 500 500   0.0  0.3 
1553693290220 49198 100 500 500   0.0  0.3 
1553693291224 49198 100 500 500   0.0  0.3 
1553693292228 49198 100 600 600   2.2  0.3 
1553693293232 49198 100 600 600   0.0  0.3 
1553693294261 49198 100 600 600   0.0  0.3 
1553693295237 49198 100 600 600   0.0  0.3 
1553693296239 49198 100 600 600   0.0  0.3 
1553693297237 49198 100 700 700   2.1  0.3 
1553693298237 49198 100 700 700   0.4  0.3 
1553693299236 49198 100 700 700   0.0  0.3 
1553693300245 49198 100 700 700   0.0  0.3 
1553693301241 49198 100 700 700   0.0  0.3 
1553693302243 49198 100 800 800   3.7  0.3 
1553693303249 49198 100 800 800   0.0  0.3 
1553693304256 49198 100 800 800   0.0  0.3 
1553693305275 49198 100 800 800   0.0  0.3 
1553693342715 49527 0 0 0   0.9  0.3 
1553693343703 49527 0 0 0   0.2  0.3 
1553693344695 49527 0 0 0   0.4  0.3 
1553693345703 49527 0 0 0   0.0  0.3 
1553693346709 49527 0 0 0   0.0  0.3 
1553693347705 49527 0 0 0   0.0  0.3 
1553693348706 49527 0 0 0   0.0  0.3 
1553693349713 49527 0 0 0   0.0  0.3 
1553693350714 49527 0 0 0   0.0  0.3 
1553693351712 49527 0 0 0   0.0  0.3 
1553693352720 49527 0 0 0   0.0  0.3 
1553693353718 49527 0 0 0   0.0  0.3 
1553693354718 49527 0 0 0   0.0  0.3 
1553693355719 49527 0 0 0   0.0  0.3 
1553693356720 49527 0 0 0   0.0  0.3 
1553693357722 49527 0 0 0   0.0  0.3 
1553693358723 49527 0 0 0   0.0  0.3 
1553693359734 49527 0 0 0   0.4  0.3 
1553693360730 49527 0 0 0   0.0  0.3 
1553693361728 49527 0 0 0   0.0  0.3 
1553693362732 49527 0 0 0   0.0  0.3 
1553693363733 49527 0 0 0   0.0  0.3 
1553693364734 49527 0 0 0   0.0  0.3 
1553693365740 49527 100 100 100  19.0  0.3 
1553693366742 49527 100 100 100   0.4  0.3 
1553693367742 49527 100 100 100   0.0  0.3 
1553693368744 49527 100 100 100   0.0  0.3 
1553693369748 49527 100 100 100   0.0  0.3 
1553693370753 49527 100 200 200   1.3  0.3 
1553693371754 49527 100 200 200   0.0  0.3 
1553693372755 49527 100 200 200   0.0  0.3 
1553693373757 49527 100 200 200   0.0  0.3 
1553693374762 49527 100 200 200   0.0  0.3 
1553693375766 49527 100 300 300   1.0  0.3 
1553693376766 49527 100 300 300   0.0  0.3 
1553693377767 49527 100 300 300   0.0  0.3 
1553693378771 49527 100 300 300   0.4  0.3 
1553693379776 49527 100 300 300   0.0  0.3 
1553693409375 49835 0 0 0   1.0  0.3 
1553693410365 49835 0 0 0   0.2  0.3 
1553693411369 49835 0 0 0   0.0  0.3 
1553693412369 49835 100 100 100   9.5  0.3 
1553693413370 49835 100 200 200   0.9  0.3 
1553693414374 49835 100 300 300   0.7  0.3 
1553693415375 49835 100 400 400   0.7  0.3 
1553693416376 49835 100 500 500   0.6  0.3 
1553693417381 49835 100 600 600   0.7  0.3 
1553693418384 49835 100 700 700   0.6  0.3 
1553693419389 49835 100 800 800   1.1  0.3 
1553693420391 49835 100 900 900   0.8  0.3 
1553693421398 49835 100 1000 1000   0.6  0.3 
1553693422401 49835 100 1100 1100   0.6  0.3 
1553693423406 49835 100 1200 1200   0.7  0.3 
1553693424412 49835 100 1300 1300   0.5  0.3 
1553693425416 49835 100 1400 1400   0.4  0.3 
1553693426418 49835 100 1500 1500   0.4  0.3 
1553693427423 49835 100 1600 1600   0.7  0.3 
1553693428422 49835 100 1700 1700   0.8  0.3 
1553693429425 49835 100 1800 1800   0.5  0.3 
1553693430429 49835 100 1900 1900   0.6  0.3 
1553693431434 49835 100 2000 2000   0.5  0.3 
1553693432435 49835 100 2100 2100   0.7  0.3 
1553693433443 49835 100 2200 2200   0.3  0.3 
1553693434436 49835 100 2300 2300   0.5  0.3 
1553693435438 49835 100 2400 2400   0.5  0.3 
1553693436436 49835 100 2500 2500   0.5  0.3 
1553693437437 49835 100 2600 2600   0.4  0.3 
1553693438438 49835 100 2700 2700   0.4  0.3 
1553693439440 49835 100 2800 2800   0.4  0.3 
1553693440453 49835 100 2900 2900   0.4  0.3 
1553693441447 49835 100 3000 3000   0.4  0.3 
1553693442452 49835 100 3100 3100   0.4  0.3 
1553693443454 49835 100 3200 3200   0.4  0.3 
1553693444463 49835 100 3300 3300   0.8  0.3 
1553693445461 49835 100 3400 3400   0.7  0.3 
1553693446462 49835 100 3500 3500   0.7  0.3 
1553693447467 49835 100 3600 3600   0.9  0.3 
1553693448469 49835 100 3700 3700   0.7  0.3 
1553693449471 49835 100 3800 3800   0.6  0.3 
1553693450477 49835 100 3900 3900   0.9  0.3 
1553693451477 49835 100 4000 4000   0.7  0.3 
1553693452487 49835 100 4100 4100   0.9  0.3 
1553693453481 49835 100 4200 4200   0.7  0.3 
1553693454481 49835 100 4300 4300   0.9  0.3 
1553693455480 49835 100 4400 4400   0.7  0.3 
1553693456477 49835 100 4500 4500   0.7  0.3 
1553693457481 49835 100 4600 4600   0.7  0.3 
1553693458489 49835 100 4700 4700   0.4  0.3 
1553693459494 49835 100 4800 4800   0.5  0.3 
1553693460496 49835 100 4900 4900   0.6  0.3 
1553693461495 49835 100 5000 5000   0.7  0.3 
1553693462491 49835 100 5100 5100   0.8  0.3 
1553693463494 49835 100 5200 5200   0.5  0.3 
1553693464498 49835 100 5300 5300   0.8  0.3 
1553693465503 49835 100 5400 5400   0.9  0.3 
1553693466506 49835 100 5500 5500   1.0  0.3 
1553693467509 49835 100 5600 5600   0.9  0.3 
1553693468507 49835 100 5700 5700   0.7  0.3 
1553693469508 49835 100 5800 5800   0.7  0.3 
1553693490452 50166 0 0 0   1.0  0.3 
1553693491437 50166 0 0 0   0.1  0.3 
1553693493113 50166 100 100 100  28.0  0.3 
1553693493569 50166 100 200 200  13.1  0.3 
1553693494566 50166 100 300 300   4.9  0.3 
1553693495568 50166 100 400 400   7.4  0.3 
1553693496572 50166 100 500 500   6.1  0.3 
1553693497574 50166 100 600 600  10.0  0.3 
1553693498577 50166 100 700 700  10.2  0.3 
1553693499584 50166 100 800 800   6.6  0.3 
1553693500582 50166 100 900 900   6.6  0.3 
1553693501584 50166 100 1000 1000   9.6  0.3 
1553693502588 50166 100 1100 1100  14.0  0.3 
1553693503593 50166 100 1200 1200  10.9  0.3 
1553693504594 50166 100 1300 1300   7.4  0.3 
1553693505595 50166 100 1400 1400   8.0  0.3 
1553693506597 50166 100 1500 1500   7.1  0.3 
1553693507598 50166 100 1600 1600   7.7  0.3 
1553693508605 50166 100 1700 1700   6.0  0.3 
1553693509599 50166 100 1800 1800   4.9  0.3 
1553693510600 50166 100 1900 1900   3.9  0.3 
1553693511601 50166 100 2000 2000   4.3  0.3 
1553693512605 50166 100 2100 2100   3.6  0.3 
1553693513608 50166 100 2200 2200   4.7  0.3 
1553693514604 50166 100 2300 2300   5.3  0.3 
1553693515624 50166 100 2400 2400   5.3  0.3 
1553693516620 50166 100 2500 2500   7.1  0.3 
1553693517611 50166 100 2600 2600   5.8  0.3 
1553693518611 50166 100 2700 2700   5.4  0.3 
1553693519610 50166 100 2800 2800   5.8  0.3 
1553693520617 50166 100 2900 2900   5.1  0.3 
1553693521616 50166 100 3000 3000   4.9  0.3 
1553693522620 50166 100 3100 3100   5.0  0.3 
1553693523621 50166 100 3200 3200   4.2  0.3 
1553693524624 50166 100 3300 3300   3.8  0.3 
1553693525626 50166 100 3400 3400   5.7  0.3 
1553693526627 50166 100 3500 3500   5.7  0.3 
1553693527633 50166 100 3600 3600   6.0  0.3 
1553693528633 50166 100 3700 3700   5.0  0.3 
1553693529633 50166 100 3800 3800   4.5  0.3 
1553693530636 50166 100 3900 3900   4.4  0.3 
1553693531638 50166 100 4000 4000   5.9  0.3 
1553693532647 50166 100 4100 4100   5.5  0.3 
1553693533646 50166 100 4200 4200   5.3  0.3 
1553693534650 50166 100 4300 4300   5.1  0.3 
1553693535664 50166 100 4400 4400   5.1  0.3 
1553693536662 50166 100 4500 4500   4.7  0.3 
1553693537662 50166 100 4600 4600   4.1  0.3 
1553693538650 50166 100 4700 4700   4.3  0.3 
1553693539659 50166 100 4800 4800   4.8  0.3 
1553693540658 50166 100 4900 4900   5.6  0.3 
1553693541660 50166 100 5000 5000   4.6  0.3 
1553693542660 50166 100 5100 5100   5.0  0.3 
1553693543663 50166 100 5200 5200   3.5  0.3 
1553693544667 50166 100 5300 5300   3.6  0.3 
1553693545664 50166 100 5400 5400   3.7  0.3 
1553693546667 50166 100 5500 5500   3.8  0.3 
1553693547668 50166 100 5600 5600   2.8  0.3 
1553693548673 50166 100 5700 5700   3.6  0.3 
1553693549674 50166 100 5800 5800   4.7  0.3 
1553693550679 50166 100 5900 5900   4.3  0.3 
1553693551678 50166 100 6000 6000   4.4  0.3 
1553693552679 50166 100 6100 6100   4.2  0.3 
1553693553680 50166 100 6200 6200   4.1  0.3 
1553693554690 50166 100 6300 6300   5.8  0.3 
1553693555688 50166 100 6400 6400   4.6  0.3 
1553693556687 50166 100 6500 6500   3.6  0.3 
1553693557692 50166 100 6600 6600   3.7  0.3 
1553693558701 50166 100 6700 6700   4.8  0.3 
1553693559699 50166 100 6800 6800   5.2  0.3 
1553693560705 50166 100 6900 6900   5.3  0.3 
1553693561696 50166 100 7000 7000   3.5  0.3 
1553693562872 50166 100 7100 7100   4.9  0.3 
1553693563787 50166 100 7200 7200   4.2  0.3 
1553693564789 50166 100 7300 7300   3.4  0.3 
1553693565790 50166 100 7400 7400   3.6  0.3 
1553693566791 50166 100 7500 7500   3.4  0.3 
1553693567792 50166 100 7600 7600   3.3  0.3 
1553693568793 50166 100 7700 7700   3.6  0.3 
1553693569798 50166 100 7800 7800   3.4  0.3 
1553693570799 50166 100 7900 7900   3.6  0.3 
1553693571811 50166 100 8000 8000   4.4  0.3 
1553693572801 50166 100 8100 8100   5.2  0.3 
1553693573801 50166 100 8200 8200   4.8  0.3 
1553693574801 50166 100 8300 8300   4.6  0.3 
1553693575803 50166 100 8400 8400   4.2  0.3 
1553693576806 50166 100 8500 8500   4.3  0.3 
1553693577806 50166 100 8600 8600   4.6  0.3 
1553693578809 50166 100 8700 8700   3.7  0.3 
1553693579812 50166 100 8800 8800   4.2  0.3 
1553693580823 50166 100 8900 8900   3.3  0.3 
1553693581820 50166 100 9000 9000   3.9  0.3 
1553693582821 50166 100 9100 9100   4.8  0.3 
1553693583824 50166 100 9200 9200   4.5  0.3 
1553693584831 50166 100 9300 9300   3.4  0.3 
1553693585833 50166 100 9400 9400   4.1  0.3 
1553693586839 50166 100 9500 9500   3.7  0.3 
1553693587840 50166 100 9600 9600   3.6  0.3 
1553693588843 50166 100 9700 9700   4.0  0.3 
1553693589845 50166 100 9800 9800   1.9  0.3 
1553693590848 50166 100 9900 9900   3.9  0.3 
1553693591848 50166 100 10000 10000   3.7  0.3 
1553693592848 50166 100 10100 10100   3.9  0.3 
1553693593850 50166 100 10200 10200   4.1  0.3 
1553693594858 50166 100 10300 10300   4.3  0.3 
1553693595857 50166 100 10400 10400   3.8  0.3 
1553693596857 50166 100 10500 10500   4.7  0.3 
1553693597858 50166 100 10600 10600   3.3  0.3 
1553693598863 50166 100 10700 10700   2.1  0.3 
1553693599865 50166 100 10800 10800   2.6  0.3 
1553693600867 50166 100 10900 10900   3.4  0.3 
1553693601870 50166 100 11000 11000   2.9  0.3 
1553693602876 50166 100 11100 11100   3.0  0.3 
1553693603886 50166 100 11200 11200   3.6  0.3 
1553693604887 50166 100 11300 11300   4.2  0.3 
1553693605888 50166 100 11400 11400   4.3  0.3 
1553693606894 50166 100 11500 11500   4.6  0.3 
1553693607894 50166 100 11600 11600   4.2  0.3 
1553693608912 50166 100 11700 11700   4.3  0.3 
1553693609903 50166 100 11800 11800   4.7  0.3 
1553693610910 50166 100 11900 11900   4.4  0.3 
1553693611905 50166 100 12000 12000   4.8  0.3 
1553693612904 50166 100 12100 12100   4.0  0.3 
1553693613903 50166 100 12200 12200   3.2  0.3 
1553693614904 50166 100 12300 12300   2.7  0.3 
1553693615906 50166 100 12400 12400   3.4  0.3 
1553693616907 50166 100 12500 12500   3.4  0.3 
1553693617917 50166 100 12600 12600   4.6  0.3 
1553693618913 50166 100 12700 12700   4.4  0.3 
1553693619915 50166 100 12800 12800   4.2  0.3 
1553693620917 50166 100 12900 12900   3.9  0.3 
1553693621920 50166 100 13000 13000   4.0  0.3 
1553693622921 50166 100 13100 13100   4.5  0.3 
1553693623924 50166 100 13200 13200   4.8  0.3 
1553693624927 50166 100 13300 13300   4.0  0.3 
1553693625932 50166 100 13400 13400   4.3  0.3 
1553693626931 50166 100 13500 13500   2.9  0.3 
1553693627952 50166 100 13600 13600   3.7  0.3 
1553693628969 50166 100 13700 13700   4.0  0.3 
1553693630095 50166 100 13800 13800   2.2  0.3 
1553693631095 50166 100 13900 13900   2.2  0.3 
1553693632096 50166 100 14000 14000   2.3  0.3 
1553693633095 50166 100 14100 14100   2.1  0.3 
1553693634095 50166 100 14200 14200   2.4  0.3 
1553693635099 50166 100 14300 14300   2.9  0.3 
1553693636098 50166 100 14400 14400   2.6  0.3 
1553693637101 50166 100 14500 14500   3.3  0.3 
1553693638113 50166 100 14600 14600   3.6  0.3 
1553693639118 50166 100 14700 14700   2.5  0.3 
1553693640110 50166 100 14800 14800   4.6  0.3 
1553693641132 50166 100 14900 14900   2.4  0.3 
1553693642110 50166 100 15000 15000   4.0  0.3 
1553693643107 50166 100 15100 15100   3.2  0.3 
1553693644108 50166 100 15200 15200   3.7  0.3 
1553693645118 50166 100 15300 15300   4.8  0.3 
1553693646134 50166 100 15400 15400   3.4  0.3 
1553693647124 50166 100 15500 15500   3.9  0.3 
1553693648130 50166 100 15600 15600   3.9  0.3 
1553693649131 50166 100 15700 15700   3.1  0.3 
1553693650135 50166 100 15800 15800   3.8  0.3 
1553693651138 50166 100 15900 15900   3.3  0.3 
1553693652137 50166 100 16000 16000   3.8  0.3 
1553693653142 50166 100 16100 16100   2.8  0.3 
1553693654138 50166 100 16200 16200   3.4  0.3 
1553693655138 50166 100 16300 16300   2.6  0.3 
1553693656230 50166 100 16400 16400   3.9  0.3 
1553693657219 50166 100 16500 16500   3.7  0.3 
1553693658212 50166 100 16600 16600   2.7  0.3 
1553693659216 50166 100 16611 16611   1.8  0.3 
1553693660217 50166 100 16611 16611   0.0  0.3 
1553693661217 50166 100 16611 16611   0.0  0.3 
1553693662216 50166 100 16611 16611   0.0  0.3 
1553693680815 50852 0 0 0   0.9  0.3 
1553693681811 50852 0 0 0   0.1  0.3 
1553693682812 50852 100 100 100  22.5  0.3 
1553693683831 50852 100 200 200   1.7  0.3 
1553693684816 50852 100 300 300   1.4  0.3 
1553693685822 50852 100 400 400   1.1  0.3 
1553693686824 50852 100 500 500   1.0  0.3 
1553693687825 50852 100 600 600   1.0  0.3 
1553693688826 50852 100 700 700   1.0  0.3 
1553693689828 50852 100 800 800   0.6  0.3 
1553693690836 50852 100 900 900   0.7  0.3 
1553693691836 50852 100 1000 1000   1.2  0.3 
1553693692838 50852 100 1100 1100   0.6  0.3 
1553693693838 50852 100 1200 1200   1.1  0.3 
1553693694840 50852 100 1300 1300   0.7  0.3 
1553693695842 50852 100 1400 1400   0.7  0.3 
1553693696845 50852 100 1500 1500   0.6  0.3 
1553693697848 50852 100 1600 1600   0.7  0.3 
1553693698848 50852 100 1700 1700   0.7  0.3 
1553693699851 50852 100 1800 1800   0.6  0.3 
1553693700852 50852 100 1900 1900   0.5  0.3 
1553693701856 50852 100 2000 2000   0.5  0.3 
1553693702851 50852 100 2100 2100   0.9  0.3 
1553693703858 50852 100 2200 2200   0.7  0.3 
1553693704862 50852 100 2300 2300   0.6  0.3 
1553693705866 50852 100 2400 2400   0.6  0.3 
1553693706868 50852 100 2500 2500   0.4  0.3 
1553693707870 50852 100 2600 2600   0.5  0.3 
1553693708871 50852 100 2700 2700   0.4  0.3 
1553693709872 50852 100 2800 2800   0.7  0.3 
1553693710877 50852 100 2900 2900   0.6  0.3 
1553693711878 50852 100 3000 3000   0.6  0.3 
1553693712878 50852 100 3100 3100   0.5  0.3 
1553693713880 50852 100 3200 3200   0.5  0.3 
1553693714881 50852 100 3300 3300   0.6  0.3 
1553693715888 50852 100 3400 3400   0.6  0.3 
1553693716889 50852 100 3500 3500   0.5  0.3 
1553693717893 50852 100 3600 3600   0.4  0.3 
1553693718896 50852 100 3700 3700   0.7  0.3 
1553693719901 50852 100 3800 3800   0.7  0.3 
1553693720901 50852 100 3900 3900   0.5  0.3 
1553693721906 50852 100 4000 4000   0.5  0.3 
1553693722909 50852 100 4100 4100   0.5  0.3 
1553693723914 50852 100 4200 4200   0.4  0.3 
1553693724919 50852 100 4300 4300   0.4  0.3 
1553693725924 50852 100 4400 4400   0.7  0.3 
1553693726928 50852 100 4500 4500   0.7  0.3 
1553693727933 50852 100 4600 4600   0.7  0.3 
1553693728939 50852 100 4700 4700   0.7  0.3 
1553693729939 50852 100 4800 4800   0.6  0.3 
1553693730941 50852 100 4900 4900   0.6  0.3 
1553693731945 50852 100 5000 5000   0.6  0.3 
1553693732950 50852 100 5100 5100   0.4  0.3 
1553693733955 50852 100 5200 5200   0.4  0.3 
1553693734956 50852 100 5300 5300   0.7  0.3 
1553693735957 50852 100 5400 5400   0.6  0.3 
1553693736958 50852 100 5500 5500   0.6  0.3 
1553693737959 50852 100 5600 5600   0.5  0.3 
1553693738960 50852 100 5700 5700   0.4  0.3 
1553693739960 50852 100 5800 5800   0.4  0.3 
1553693740963 50852 100 5900 5900   0.7  0.3 
1553693741969 50852 100 6000 6000   0.5  0.3 
1553693742973 50852 100 6100 6100   0.7  0.3 
1553693743977 50852 100 6200 6200   0.6  0.3 
1553693744977 50852 100 6300 6300   0.4  0.3 
1553693745982 50852 100 6400 6400   0.4  0.3 
1553693746983 50852 100 6500 6500   0.3  0.3 
1553693747984 50852 100 6600 6600   0.4  0.3 
1553693748990 50852 100 6700 6700   0.6  0.3 
1553693749995 50852 100 6800 6800   0.5  0.3 
1553693750999 50852 100 6900 6900   0.6  0.3 
1553693752000 50852 100 7000 7000   0.4  0.3 
1553693753004 50852 100 7100 7100   0.4  0.3 
1553693754010 50852 100 7200 7200   0.4  0.3 
1553693755013 50852 100 7300 7300   0.4  0.3 
1553693756012 50852 100 7400 7400   0.4  0.3 
1553693757020 50852 100 7500 7500   0.4  0.3 
1553693758021 50852 100 7600 7600   0.7  0.3 
1553693759022 50852 100 7700 7700   0.4  0.3 
1553693760027 50852 100 7800 7800   0.4  0.3 
1553693761030 50852 100 7900 7900   0.5  0.3 
1553693762030 50852 100 8000 8000   0.6  0.3 
1553693763033 50852 100 8100 8100   0.4  0.3 
1553693764034 50852 100 8200 8200   0.4  0.3 
1553693765037 50852 100 8300 8300   0.4  0.3 
1553693766039 50852 100 8400 8400   0.6  0.3 
1553693767044 50852 100 8500 8500   0.4  0.3 
1553693768044 50852 100 8600 8600   0.4  0.3 
1553693769044 50852 100 8700 8700   0.4  0.3 
1553693770047 50852 100 8800 8800   0.4  0.3 
1553693771050 50852 100 8900 8900   0.4  0.3 
1553693772051 50852 100 9000 9000   0.4  0.3 
1553693773056 50852 100 9100 9100   0.6  0.3 
1553693774061 50852 100 9200 9200   0.5  0.3 
1553693775070 50852 100 9300 9300   0.6  0.3 
1553693776069 50852 100 9400 9400   0.5  0.3 
1553693777072 50852 100 9500 9500   0.5  0.3 
1553693778075 50852 100 9600 9600   0.4  0.3 
1553693779077 50852 100 9700 9700   0.6  0.3 
1553693780081 50852 100 9800 9800   0.4  0.3 
1553693781091 50852 100 9900 9900   0.6  0.3 
1553693782091 50852 100 10000 10000   0.4  0.3 
1553693783096 50852 100 10100 10100   0.9  0.3 
1553693784099 50852 100 10200 10200   0.9  0.3 
1553693785100 50852 100 10300 10300   0.5  0.3 
1553693786105 50852 100 10400 10400   0.6  0.3 
1553693787107 50852 100 10500 10500   0.6  0.3 
1553693788110 50852 100 10600 10600   0.6  0.3 
1553693789119 50852 100 10700 10700   0.5  0.3 
1553693790113 50852 100 10800 10800   0.5  0.3 
1553693791118 50852 100 10900 10900   0.6  0.3 
1553693792120 50852 100 11000 11000   0.5  0.3 
1553693793122 50852 100 11100 11100   0.5  0.3 
1553693794127 50852 100 11200 11200   0.9  0.3 
1553693795127 50852 100 11300 11300   0.6  0.3 
1553693796128 50852 100 11400 11400   0.6  0.3 
1553693797130 50852 100 11500 11500   0.6  0.3 
1553693798129 50852 100 11600 11600   0.5  0.3 
1553693799135 50852 100 11700 11700   0.4  0.3 
1553693800134 50852 100 11800 11800   0.4  0.3 
1553693801135 50852 100 11900 11900   0.5  0.3 
1553693802135 50852 100 12000 12000   0.8  0.3 
1553693803135 50852 100 12100 12100   0.6  0.3 
1553693804141 50852 100 12200 12200   0.6  0.3 
1553693805143 50852 100 12300 12300   0.6  0.3 
1553693806142 50852 100 12400 12400   0.5  0.3 
1553693807149 50852 100 12500 12500   0.6  0.3 
1553693808144 50852 100 12600 12600   0.5  0.3 
1553693809146 50852 100 12700 12700   0.4  0.3 
1553693810148 50852 100 12800 12800   0.7  0.3 
1553693811154 50852 100 12900 12900   0.8  0.3 
1553693812156 50852 100 13000 13000   0.7  0.3 
1553693813159 50852 100 13100 13100   0.6  0.3 
1553693814164 50852 100 13200 13200   0.6  0.3 
1553693815166 50852 100 13300 13300   0.5  0.3 
1553693816168 50852 100 13400 13400   0.4  0.3 
1553693817172 50852 100 13500 13500   0.4  0.3 
1553693818179 50852 100 13600 13600   0.5  0.3 
1553693819177 50852 100 13700 13700   0.4  0.3 
1553693820179 50852 100 13800 13800   0.4  0.3 
1553693821179 50852 100 13900 13900   0.9  0.3 
1553693822183 50852 100 14000 14000   0.7  0.3 
1553693823184 50852 100 14100 14100   0.5  0.3 
1553693824186 50852 100 14200 14200   0.4  0.3 
1553693825191 50852 100 14300 14300   0.7  0.3 
1553693826195 50852 100 14400 14400   0.4  0.3 
1553693827198 50852 100 14500 14500   0.5  0.3 
1553693828208 50852 100 14600 14600   1.0  0.3 
1553693829207 50852 100 14700 14700   0.8  0.3 
1553693830214 50852 100 14800 14800   0.7  0.3 
1553693831215 50852 100 14900 14900   0.4  0.3 
1553693832219 50852 100 15000 15000   0.4  0.3 
1553693833223 50852 100 15100 15100   0.5  0.3 
1553693834225 50852 100 15200 15200   1.1  0.3 
1553693835230 50852 100 15300 15300   0.9  0.3 
1553693836236 50852 100 15400 15400   0.4  0.3 
1553693837238 50852 100 15500 15500   0.4  0.3 
1553693838236 50852 100 15600 15600   0.4  0.3 
1553693839243 50852 100 15700 15700   0.9  0.3 
1553693840244 50852 100 15800 15800   0.7  0.3 
1553693841249 50852 100 15900 15900   0.4  0.3 
1553693842253 50852 100 16000 16000   0.5  0.3 
1553693843254 50852 100 16100 16100   0.4  0.3 
1553693844255 50852 100 16200 16200   0.4  0.3 
1553693845260 50852 100 16300 16300   0.5  0.3 
1553693846260 50852 100 16400 16400   0.5  0.3 
1553693847265 50852 100 16500 16500   1.0  0.3 
1553693848269 50852 100 16600 16600   0.9  0.3 
1553693849275 50852 100 16700 16700   0.6  0.3 
1553693850275 50852 100 16800 16800   0.6  0.3 
1553693851275 50852 100 16900 16900   0.4  0.3 
1553693852277 50852 100 17000 17000   0.4  0.3 
1553693853280 50852 100 17100 17100   0.4  0.3 
1553693854286 50852 100 17200 17200   0.9  0.3 
1553693855288 50852 100 17300 17300   0.4  0.3 
1553693856294 50852 100 17400 17400   0.4  0.3 
1553693857295 50852 100 17500 17500   0.4  0.3 
1553693858301 50852 100 17600 17600   0.4  0.3 
1553693859302 50852 100 17700 17700   0.6  0.3 
1553693860306 50852 100 17800 17800   0.4  0.3 
1553693861311 50852 100 17900 17900   0.4  0.3 
1553693862310 50852 100 18000 18000   0.4  0.3 
1553693863316 50852 100 18100 18100   0.4  0.3 
1553693864316 50852 100 18200 18200   0.4  0.3 
1553693865320 50852 100 18300 18300   0.5  0.3 
1553693866322 50852 100 18400 18400   0.4  0.3 
1553693867327 50852 100 18500 18500   1.0  0.3 
1553693868330 50852 100 18600 18600   0.7  0.3 
1553693869331 50852 100 18700 18700   0.6  0.3 
1553693870332 50852 100 18800 18800   0.4  0.3 
1553693871333 50852 100 18900 18900   0.4  0.3 
1553693872338 50852 100 19000 19000   0.5  0.3 
1553693873342 50852 100 19100 19100   0.4  0.3 
1553693874346 50852 100 19200 19200   0.4  0.3 
1553693875343 50852 100 19300 19300   0.5  0.3 
1553693876349 50852 100 19400 19400   0.6  0.3 
1553693877358 50852 100 19500 19500   0.6  0.3 
1553693878354 50852 100 19600 19600   0.4  0.3 
1553693879351 50852 100 19700 19700   0.6  0.3 
1553693880356 50852 100 19800 19800   0.4  0.3 
1553693881364 50852 100 19900 19900   0.5  0.3 
1553693882364 50852 100 20000 20000   0.9  0.3 
1553693883364 50852 100 20100 20100   0.6  0.3 
1553693884369 50852 100 20200 20200   0.6  0.3 
1553693885371 50852 100 20300 20300   0.6  0.3 
1553693886371 50852 100 20400 20400   0.6  0.3 
1553693887377 50852 100 20500 20500   0.4  0.3 
1553693888378 50852 100 20600 20600   0.6  0.3 
1553693889389 50852 100 20700 20700   0.4  0.3 
1553693890378 50852 100 20800 20800   0.4  0.3 
1553693891383 50852 100 20900 20900   0.4  0.3 
1553693892382 50852 100 21000 21000   0.4  0.3 
1553693893386 50852 100 21100 21100   1.0  0.3 
1553693894388 50852 100 21200 21200   0.6  0.3 
1553693895392 50852 100 21300 21300   1.0  0.3 
1553693896394 50852 100 21400 21400   0.6  0.3 
1553693897396 50852 100 21500 21500   0.6  0.3 
1553693898403 50852 100 21600 21600   0.6  0.3 
1553693899406 50852 100 21700 21700   0.5  0.3 
1553693900403 50852 100 21800 21800   0.6  0.3 
1553693901412 50852 100 21900 21900   0.7  0.3 
1553693902410 50852 100 22000 22000   0.7  0.3 
1553693903409 50852 100 22100 22100   0.6  0.3 
1553693904415 50852 100 22200 22200   0.6  0.3 
1553693905413 50852 100 22300 22300   0.5  0.3 
1553693906419 50852 100 22400 22400   0.8  0.3 
1553693907422 50852 100 22500 22500   0.5  0.3 
1553693908428 50852 100 22600 22600   0.7  0.3 
1553693909432 50852 100 22700 22700   0.6  0.3 
1553693910447 50852 100 22800 22800   1.0  0.3 
1553693911443 50852 100 22900 22900   0.7  0.3 
1553693912446 50852 100 23000 23000   0.7  0.3 
1553693913445 50852 100 23100 23100   0.9  0.3 
1553693914444 50852 100 23200 23200   1.2  0.3 
1553693915447 50852 100 23300 23300   1.0  0.3 
1553693916454 50852 100 23400 23400   0.9  0.3 
1553693917452 50852 100 23500 23500   0.7  0.3 
1553693926173 51640 0 0 0   1.1  0.3 
1553693927174 51640 0 0 0   0.1  0.3 
1553693938796 51730 0 0 0   1.0  0.3 
1553693939792 51730 0 0 0   0.1  0.3 
1553693940803 51730 0 0 0   0.0  0.3 
1553693941800 51730 0 0 0   0.0  0.3 
1553693942803 51730 0 0 0   0.5  0.3 
1553693943808 51730 0 0 0   0.4  0.3 
1553693944812 51730 0 0 0   0.4  0.3 
1553693945819 51730 0 0 0   0.0  0.3 
1553693946816 51730 0 0 0   0.0  0.3 
1553693947816 51730 0 0 0   0.0  0.3 
1553693948818 51730 0 0 0   0.0  0.3 
1553693949816 51730 0 0 0   0.0  0.3 
1553693950826 51730 0 0 0   0.0  0.3 
1553693951827 51730 0 0 0   0.0  0.3 
1553693952828 51730 0 0 0   0.0  0.3 
1553693953829 51730 0 0 0   0.0  0.3 
1553693954834 51730 0 0 0   0.0  0.3 
1553693955839 51730 0 0 0   0.0  0.3 
1553693956839 51730 0 0 0   0.0  0.3 
1553693957844 51730 0 0 0   0.0  0.3 
1553693966945 51864 0 0 0   1.1  0.3 
1553693967947 51864 0 0 0   0.1  0.3 
1553693983200 51976 0 0 0   2.4  0.3 
1553693984195 51976 0 0 0   0.1  0.3 
1553693985199 51976 0 0 0   0.0  0.3 
1553693986200 51976 0 0 0   0.0  0.3 
1553693987203 51976 0 0 0   0.0  0.3 
1553693988202 51976 0 0 0   0.0  0.3 
1553693989202 51976 0 0 0   0.0  0.3 
1553693990205 51976 0 0 0   0.0  0.3 
1553693991208 51976 0 0 0   0.0  0.3 
1553693993206 51976 200 334 334  34.5  0.3 
1553693993426 51976 200 400 400  35.2  0.6 
1553693994420 51976 200 600 600  15.2  0.6 
1553693995422 51976 200 800 800  11.6  0.6 
1553693996425 51976 200 1000 1000  10.7  0.6 
1553693997429 51976 200 1200 1200  14.2  0.6 
1553693998430 51976 200 1400 1400   9.6  0.6 
1553693999430 51976 200 1600 1600   9.7  0.6 
1553694000433 51976 200 1800 1800   6.7  0.6 
1553694001431 51976 200 2000 2000   5.7  0.6 
1553694002433 51976 200 2200 2200   5.3  0.6 
1553694003434 51976 200 2400 2400   7.2  0.6 
1553694004443 51976 200 2600 2600   5.8  0.6 
1553694005443 51976 200 2800 2800   6.7  0.6 
1553694006444 51976 200 3000 3000   7.0  0.6 
1553694007449 51976 200 3200 3200   7.0  0.6 
1553694008448 51976 200 3400 3400   5.4  0.6 
1553694009453 51976 200 3600 3600   5.4  0.6 
1553694010458 51976 200 3800 3800   5.2  0.6 
1553694011462 51976 200 4000 4000   7.0  0.6 
1553694012464 51976 200 4200 4200   7.0  0.6 
1553694013480 51976 200 4400 4400   6.1  0.6 
1553694014520 51976 200 4600 4600   5.7  0.6 
1553694015515 51976 200 4800 4800   4.3  0.6 
1553694016515 51976 200 5000 5000   7.1  0.6 
1553694017516 51976 200 5200 5200   6.3  0.6 
1553694018515 51976 200 5400 5400   7.8  0.6 
1553694019517 51976 200 5600 5600   7.1  0.6 
1553694020517 51976 200 5800 5800   6.4  0.6 
1553694021520 51976 200 6000 6000   6.1  0.6 
1553694022523 51976 200 6200 6200   6.4  0.6 
1553694023524 51976 200 6400 6400   5.4  0.6 
1553694024537 51976 200 6600 6600   6.0  0.6 
1553694025525 51976 200 6800 6800   7.6  0.6 
1553694026529 51976 200 7000 7000   5.5  0.6 
1553694027536 51976 200 7200 7200   6.1  0.6 
1553694028534 51976 200 7400 7400   7.4  0.6 
1553694029536 51976 200 7600 7600   7.0  0.6 
1553694030542 51976 200 7800 7800   6.7  0.6 
1553694031544 51976 200 8000 8000   6.6  0.6 
1553694032553 51976 200 8200 8200   5.0  0.6 
1553694033550 51976 200 8400 8400   5.5  0.6 
1553694034564 51976 200 8600 8600   8.8  0.6 
1553694035551 51976 200 8800 8800   7.1  0.6 
1553694036554 51976 200 9000 9000   5.8  0.6 
1553694037558 51976 200 9200 9200   7.7  0.6 
1553694038555 51976 200 9400 9400   7.1  0.6 
1553694039556 51976 200 9600 9600   6.0  0.6 
1553694040561 51976 200 9800 9800   6.4  0.6 
1553694041563 51976 200 10000 10000   8.0  0.6 
1553694042566 51976 200 10200 10200   7.0  0.6 
1553694043567 51976 200 10400 10400   6.5  0.6 
1553694044569 51976 200 10600 10600   5.7  0.6 
1553694045570 51976 200 10800 10800   7.1  0.6 
1553694046571 51976 200 11000 11000   8.4  0.6 
1553694047571 51976 200 11200 11200   5.7  0.6 
1553694048573 51976 200 11400 11400   9.9  0.6 
1553694049574 51976 200 11600 11600   6.6  0.6 
1553694050576 51976 200 11800 11800   7.3  0.6 
1553694051574 51976 200 12000 12000   6.7  0.6 
1553694052579 51976 200 12200 12200   6.0  0.6 
1553694053578 51976 200 12400 12400   6.0  0.6 
1553694054579 51976 200 12600 12600   6.9  0.6 
1553694055582 51976 200 12800 12800   9.0  0.6 
1553694056579 51976 200 13000 13000   6.7  0.6 
1553694057584 51976 200 13200 13200   7.2  0.6 
1553694058642 51976 200 13400 13400   5.5  0.6 
1553694059605 51976 200 13600 13600   4.8  0.6 
1553694060607 51976 200 13800 13800   6.4  0.6 
1553694061593 51976 200 14000 14000   5.7  0.6 
1553694062598 51976 200 14200 14200   7.1  0.6 
1553694063611 51976 200 14400 14400   7.7  0.6 
1553694064613 51976 200 14600 14600   6.4  0.6 
1553694065614 51976 200 14800 14800   5.8  0.6 
1553694066617 51976 200 15000 15000   6.0  0.6 
1553694067632 51976 200 15200 15200   9.0  0.6 
1553694068622 51976 200 15400 15400   7.7  0.6 
1553694069607 51976 200 15600 15600  14.7  0.6 
1553694070618 51976 200 15800 15800   7.2  0.6 
1553694071621 51976 200 16000 16000   8.2  0.6 
1553694072634 51976 200 16200 16200  10.5  0.6 
1553694073655 51976 200 16400 16400  10.6  0.6 
1553694074612 51976 200 16400 16400   1.6  0.6 
1553694075616 51976 200 16400 16400   0.5  0.6 
1553694076622 51976 200 16400 16400   0.6  0.6 
1553694077622 51976 200 16400 16400   0.0  0.6 
1553694078624 51976 200 16400 16400   0.0  0.6 
1553694079626 51976 200 16400 16400   0.0  0.6 
1553694080629 51976 200 16400 16400   0.0  0.6 
1553694081636 51976 200 16400 16400   0.0  0.6 
1553694082650 51976 200 16400 16400   0.0  0.6 
1553694100581 52444 0 0 0   1.0  0.3 
1553694121661 52579 0 0 0   1.2  0.3 
1553694122648 52579 0 0 0   0.2  0.3 
1553694123646 52579 0 0 0   0.0  0.3 
1553694124645 52579 0 0 0   0.0  0.3 
1553694125647 52579 0 0 0   0.0  0.3 
1553694126650 52579 0 0 0   0.0  0.3 
1553694127658 52579 0 0 0   0.0  0.3 
1553694128661 52579 0 0 0   0.3  0.3 
1553694129918 52579 100 100 100  33.1  0.3 
1553694130750 52579 100 200 200   8.8  0.3 
1553694131755 52579 100 300 300   6.7  0.3 
1553694132759 52579 100 400 400   6.5  0.4 
1553694133768 52579 100 500 500   5.1  0.4 
1553694134768 52579 100 600 600   7.1  0.4 
1553694135762 52579 100 700 700   5.2  0.4 
1553694136765 52579 100 800 800   3.8  0.4 
1553694137769 52579 100 900 900   3.7  0.3 
1553694138769 52579 100 1000 1000  10.1  0.3 
1553694139773 52579 100 1100 1100   4.2  0.3 
1553694140772 52579 100 1200 1200   7.1  0.3 
1553694141778 52579 100 1300 1300   4.6  0.3 
1553694142781 52579 100 1400 1400   4.7  0.3 
1553694143789 52579 100 1500 1500   4.1  0.3 
1553694144791 52579 100 1600 1600   5.0  0.3 
1553694145795 52579 100 1700 1700   4.4  0.3 
1553694146793 52579 100 1800 1800   3.6  0.3 
1553694147797 52579 100 1900 1900   3.4  0.3 
1553694148802 52579 100 2000 2000   3.5  0.3 
1553694149802 52579 100 2100 2100   4.0  0.3 
1553694150801 52579 100 2200 2200   2.8  0.3 
1553694151802 52579 100 2300 2300   2.5  0.3 
1553694152806 52579 100 2400 2400   3.5  0.3 
1553694153817 52579 100 2500 2500   2.4  0.3 
1553694154813 52579 100 2600 2600   2.8  0.3 
1553694155817 52579 100 2700 2700   2.8  0.3 
1553694156823 52579 100 2800 2800   3.3  0.3 
1553694157821 52579 100 2900 2900   3.4  0.3 
1553694158825 52579 100 3000 3000   3.0  0.3 
1553694159829 52579 100 3100 3100   3.4  0.3 
1553694160829 52579 100 3200 3200   2.9  0.3 
1553694161830 52579 100 3300 3300   2.7  0.3 
1553694162829 52579 100 3400 3400   3.3  0.3 
1553694163833 52579 100 3500 3500   4.7  0.3 
1553694164839 52579 100 3600 3600   3.3  0.3 
1553694165838 52579 100 3700 3700   2.7  0.3 
1553694166844 52579 100 3800 3800   2.5  0.3 
1553694167846 52579 100 3900 3900   2.8  0.3 
1553694168849 52579 100 4000 4000   2.6  0.3 
1553694169853 52579 100 4100 4100   2.8  0.3 
1553694170852 52579 100 4200 4200   2.8  0.3 
1553694171857 52579 100 4300 4300   2.7  0.3 
1553694172863 52579 100 4400 4400   2.9  0.3 
1553694173860 52579 100 4500 4500   3.6  0.3 
1553694174862 52579 100 4600 4600   3.3  0.3 
1553694175866 52579 100 4700 4700   4.0  0.3 
1553694176868 52579 100 4800 4800   3.3  0.3 
1553694177871 52579 100 4900 4900   3.9  0.3 
1553694178875 52579 100 5000 5000   2.8  0.3 
1553694179879 52579 100 5100 5100   4.1  0.3 
1553694180882 52579 100 5200 5200   3.9  0.3 
1553694181884 52579 100 5300 5300   3.8  0.3 
1553694182892 52579 100 5400 5400   3.7  0.3 
1553694183891 52579 100 5500 5500   4.3  0.3 
1553694184896 52579 100 5600 5600   3.9  0.3 
1553694185899 52579 100 5700 5700   4.0  0.3 
1553694186899 52579 100 5800 5800   3.1  0.3 
1553694187902 52579 100 5900 5900   2.9  0.3 
1553694188907 52579 100 6000 6000   2.4  0.3 
1553694189912 52579 100 6100 6100   2.4  0.3 
1553694190913 52579 100 6200 6200   3.4  0.3 
1553694191917 52579 100 6300 6300   3.9  0.3 
1553694192918 52579 100 6400 6400   6.7  0.3 
1553694193920 52579 100 6500 6500   3.9  0.3 
1553694194920 52579 100 6600 6600   3.5  0.3 
1553694195922 52579 100 6700 6700   3.3  0.3 
1553694196925 52579 100 6800 6800   2.8  0.3 
1553694197953 52579 100 6900 6900   4.0  0.3 
1553694198960 52579 100 7000 7000   2.8  0.3 
1553694200224 52579 100 7100 7100   3.6  0.3 
1553694201219 52579 100 7200 7200   1.2  0.3 
1553694202222 52579 100 7300 7300   1.1  0.3 
1553694203229 52579 100 7400 7400   1.6  0.3 
1553694204228 52579 100 7500 7500   1.2  0.3 
1553694205235 52579 100 7600 7600   1.1  0.3 
1553694206238 52579 100 7700 7700   1.7  0.3 
1553694207237 52579 100 7800 7800   1.2  0.3 
1553694208241 52579 100 7900 7900   1.2  0.3 
1553694209243 52579 100 8000 8000   1.1  0.3 
1553694210242 52579 100 8100 8100   1.2  0.3 
1553694211242 52579 100 8200 8200   1.0  0.3 
1553694212242 52579 100 8300 8300   1.1  0.3 
1553694213246 52579 100 8400 8400   1.2  0.3 
1553694214245 52579 100 8500 8500   1.0  0.3 
1553694215246 52579 100 8600 8600   1.0  0.3 
1553694216244 52579 100 8700 8700   1.0  0.3 
1553694217246 52579 100 8800 8800   1.1  0.3 
1553694218249 52579 100 8900 8900   1.2  0.3 
1553694219252 52579 100 9000 9000   1.6  0.3 
1553694220251 52579 100 9100 9100   2.0  0.3 
1553694221261 52579 100 9200 9200   1.3  0.3 
1553694222263 52579 100 9300 9300   2.4  0.3 
1553694223266 52579 100 9400 9400   1.1  0.3 
1553694224268 52579 100 9500 9500   1.5  0.3 
1553694225277 52579 100 9600 9600   1.0  0.3 
1553694226274 52579 100 9700 9700   1.3  0.3 
1553694227277 52579 100 9800 9800   1.0  0.3 
1553694228283 52579 100 9900 9900   0.9  0.3 
1553694229283 52579 100 10000 10000   1.1  0.3 
1553694230283 52579 100 10100 10100   1.2  0.3 
1553694231288 52579 100 10200 10200   0.9  0.3 
1553694232290 52579 100 10300 10300   1.2  0.3 
1553694233291 52579 100 10400 10400   1.2  0.3 
1553694234294 52579 100 10500 10500   0.8  0.3 
1553694235295 52579 100 10600 10600   1.3  0.3 
1553694236306 52579 100 10700 10700   0.7  0.3 
1553694237302 52579 100 10800 10800   0.9  0.3 
1553694238302 52579 100 10900 10900   1.5  0.3 
1553694239303 52579 100 11000 11000   1.0  0.3 
1553694240303 52579 100 11100 11100   1.1  0.3 
1553694241308 52579 100 11200 11200   1.0  0.3 
1553694242316 52579 100 11300 11300   1.5  0.3 
1553694243311 52579 100 11400 11400   1.2  0.3 
1553694244314 52579 100 11500 11500   1.1  0.3 
1553694245320 52579 100 11600 11600   1.2  0.3 
1553694246322 52579 100 11700 11700   1.0  0.3 
1553694247323 52579 100 11800 11800   1.5  0.3 
1553694248322 52579 100 11900 11900   2.1  0.3 
1553694249330 52579 100 12000 12000   1.6  0.3 
1553694250330 52579 100 12100 12100   1.3  0.3 
1553694251335 52579 100 12200 12200   1.4  0.3 
1553694252336 52579 100 12200 12200   0.2  0.3 
1553694268579 53209 0 0 0   1.2  0.3 
1553694269574 53209 0 0 0   0.1  0.3 
1553694559325 54043 0 0 0   1.2  0.3 
1553694560318 54043 0 0 0   0.1  0.3 
1553694561319 54043 0 0 0   0.0  0.3 
1553694562621 54043 103 103 103  32.5  0.3 
1553694685824 54388 0 0 0   1.4  0.3 
1553694686817 54388 0 0 0   0.1  0.3 
1553694687818 54388 0 0 0   0.0  0.3 
1553694692213 54388 384 256 256  16.7  0.3 
1553694874103 54856 0 0 0   2.4  0.3 
1553694875089 54856 0 0 0   0.1  0.3 
1553694876095 54856 0 0 0   0.0  0.3 
1553694877169 54856 23 21 21   8.7  0.3 
1553694962264 55131 0 0 0   0.9  0.3 
1553694963257 55131 0 0 0   0.6  0.3 
1553694964258 55131 0 0 0   0.3  0.3 
1553694965264 55131 0 0 0   0.0  0.3 
1553694969617 55131 540 412 412  20.0  0.3 
1553694972077 55131 796 668 668  14.9  0.7 
1553694972982 55131 876 796 796  16.0  0.8 
1553694973641 55131 1000 876 876  20.0  0.8 
1553694973888 55131 1000 1000 1000  35.1  0.8 
1553694974201 55131 1000 1000 1000  21.7  0.8 
1553694974655 55131 1000 1000 1000   6.9  0.8 
1553694975660 55131 1000 1042 1042   3.3  0.8 
1553694976660 55131 1000 1329 1329  15.1  0.8 
1553694977661 55131 1000 1540 1539   6.2  0.8 
1553694978656 55131 1000 1668 1667   3.2  0.8 
1553694979663 55131 1000 1698 1697   1.6  0.8 
1553694980656 55131 1000 1796 1795   1.0  0.8 
1553694981662 55131 1000 1820 1819   1.3  0.8 
1553694982661 55131 1000 1946 1945   3.3  0.8 
1553694983671 55131 1000 2000 1999   0.8  0.8 
1553694984673 55131 1000 2000 1999   0.0  0.8 
1553694985680 55131 1000 2048 2047   2.5  0.8 
1553694986679 55131 1000 2336 2335  15.3  0.8 
1553694987683 55131 1000 2540 2538   4.8  0.8 
1553694988686 55131 1000 2668 2666   2.1  0.8 
1553694989694 55131 1000 2708 2706   1.0  0.8 
1553694990687 55131 1000 2796 2794   0.5  0.8 
1553694991689 55131 1000 2826 2824   0.6  0.8 
1553694992688 55131 1000 2953 2951   6.4  0.8 
1553694993688 55131 1000 3000 2998   0.7  0.8 
1553694994694 55131 1000 3000 2998   0.0  0.8 
1553694995712 55131 1000 3056 3054   2.8  0.5 
1553694996696 55131 1000 3339 3337  10.4  0.5 
1553694997705 55131 1000 3540 3537   4.3  0.4 
1553694998704 55131 1000 3668 3665   2.3  0.5 
1553694999720 55131 1000 3735 3732   3.3  0.5 
1553695000708 55131 1000 3796 3793   1.1  0.5 
1553695001709 55131 1000 3832 3829   1.2  0.5 
1553695002710 55131 1000 3960 3957   3.6  0.5 
1553695003713 55131 1000 4000 3997   0.4  0.5 
1553695004712 55131 1000 4000 3997   0.0  0.5 
1553695005714 55131 1000 4058 4055   4.2  0.5 
1553695006715 55131 1000 4345 4342  10.6  0.5 
1553695007716 55131 1000 4540 4536   5.3  0.4 
1553695008719 55131 1000 4668 4664   5.4  0.4 
1553695009735 55131 1000 4745 4741   1.7  0.4 
1553695010726 55131 1000 4796 4792   0.8  0.4 
1553695011733 55131 1000 4838 4834   1.1  0.4 
1553695012727 55131 1000 4962 4958   5.5  0.4 
1553695013732 55131 1000 5000 4996   0.7  0.4 
1553695014735 55131 1000 5000 4996   0.0  0.4 
1553695015737 55131 1000 5065 5061   8.8  0.4 
1553695016734 55131 1000 5351 5347  17.6  0.4 
1553695017737 55131 1000 5540 5535   6.2  0.4 
1553695018740 55131 1000 5668 5663   3.6  0.4 
1553695019896 55131 1000 5796 5791   2.4  0.4 
1553695020849 55131 1000 5796 5791   0.3  0.4 
1553695021848 55131 1000 5853 5848   4.0  0.4 
1553695022853 55131 1000 6000 5995   6.3  0.4 
1553695023851 55131 1000 6000 5995   0.2  0.4 
1553695024855 55131 1000 6000 5995   0.0  0.4 
1553695025867 55131 1000 6103 6098   6.5  0.4 
1553695026863 55131 1000 6388 6383  11.4  0.4 
1553695027860 55131 1000 6540 6534   2.2  0.4 
1553695028864 55131 1000 6668 6662   1.8  0.4 
1553695029872 55131 1000 6796 6790   7.4  0.4 
1553695030868 55131 1000 6796 6790   0.3  0.4 
1553695031878 55131 1000 6853 6847   3.4  0.4 
1553695032872 55131 1000 7000 6994   6.1  0.4 
1553695033877 55131 1000 7000 6994   0.3  0.4 
1553695034878 55131 1000 7000 6994   0.0  0.4 
1553695035882 55131 1000 7108 7102   6.4  0.4 
1553695036879 55131 1000 7394 7388  10.9  0.4 
1553695037882 55131 1000 7540 7533   2.1  0.4 
1553695038886 55131 1000 7668 7661   0.9  0.4 
1553695039888 55131 1000 7796 7789   7.3  0.4 
1553695040892 55131 1000 7796 7789   0.3  0.4 
1553695041897 55131 1000 7861 7854   4.5  0.4 
1553695042896 55131 1000 8000 7993   7.0  0.4 
1553695043889 55131 1000 8000 7993   0.2  0.4 
1553695044891 55131 1000 8000 7993   0.0  0.4 
1553695045893 55131 1000 8110 8103   7.1  0.4 
1553695046893 55131 1000 8396 8389   9.0  0.4 
1553695047899 55131 1000 8540 8532   1.6  0.4 
1553695048902 55131 1000 8668 8660   1.1  0.4 
1553695049913 55131 1000 8796 8788   4.8  0.4 
1553695050905 55131 1000 8796 8788   0.2  0.4 
1553695051909 55131 1000 8864 8856   3.8  0.4 
1553695052909 55131 1000 9000 8992   4.6  0.4 
1553695053912 55131 1000 9000 8992   0.2  0.4 
1553695054917 55131 1000 9000 8992   0.0  0.4 
1553695055922 55131 1000 9118 9110   5.4  0.4 
1553695056919 55131 1000 9404 9396   9.0  0.4 
1553695057919 55131 1000 9540 9531   2.0  0.4 
1553695058928 55131 1000 9668 9659   0.7  0.4 
1553695059929 55131 1000 9796 9787   9.0  0.3 
1553695060932 55131 1000 9796 9787   0.2  0.3 
1553695061934 55131 1000 9864 9855   2.7  0.4 
1553695062942 55131 1000 10000 9991   5.8  0.3 
1553695063936 55131 1000 10000 9991   0.2  0.3 
1553695064937 55131 1000 10000 9991   0.0  0.3 
1553695065937 55131 1000 10122 10113   6.4  0.3 
1553695066942 55131 1000 10410 10401   9.6  0.4 
1553695067944 55131 1000 10540 10530   1.4  0.4 
1553695068947 55131 1000 10668 10658   0.9  0.3 
1553695069953 55131 1000 10796 10786   8.1  0.3 
1553695070952 55131 1000 10796 10786   0.2  0.3 
1553695071959 55131 1000 10864 10854   3.0  0.3 
1553695072954 55131 1000 11000 10990   4.9  0.3 
1553695073956 55131 1000 11000 10990   0.2  0.3 
1553695074962 55131 1000 11000 10990   0.0  0.3 
1553695075968 55131 1000 11132 11122   7.3  0.3 
1553695076968 55131 1000 11412 11402   9.6  0.4 
1553695077967 55131 1000 11540 11529   1.5  0.4 
1553695078968 55131 1000 11668 11657   0.7  0.3 
1553695079972 55131 1000 11796 11785   4.8  0.3 
1553695080973 55131 1000 11796 11785   0.7  0.3 
1553695081981 55131 1000 11864 11853   4.3  0.3 
1553695082979 55131 1000 12000 11989   6.6  0.3 
1553695083988 55131 1000 12000 11989   0.1  0.3 
1553695084984 55131 1000 12000 11989   0.0  0.3 
1553695085986 55131 1000 12137 12126   6.1  0.3 
1553695086985 55131 1000 12412 12401   6.8  0.3 
1553695087999 55131 1000 12540 12528   1.9  0.3 
1553695088998 55131 1000 12668 12656   1.0  0.3 
1553695089992 55131 1000 12796 12784   6.3  0.3 
1553695091007 55131 1000 12796 12784   0.1  0.3 
1553695092002 55131 1000 12864 12852   2.8  0.3 
1553695092995 55131 1000 13000 12988   4.2  0.3 
1553695093997 55131 1000 13000 12988   0.1  0.3 
1553695094999 55131 1000 13000 12988   0.0  0.3 
1553695096002 55131 1000 13139 13127   6.4  0.3 
1553695097014 55131 1000 13412 13400   6.0  0.3 
1553695098011 55131 1000 13540 13527   1.3  0.3 
1553695099017 55131 1000 13668 13655   1.2  0.3 
1553695100022 55131 1000 13796 13783   7.0  0.3 
1553695101024 55131 1000 13796 13783   0.1  0.3 
1553695102029 55131 1000 13871 13858   3.0  0.3 
1553695103027 55131 1000 14000 13987   5.4  0.3 
1553695104025 55131 1000 14000 13987   0.1  0.3 
1553695105028 55131 1000 14000 13987   0.0  0.3 
1553695106046 55131 1000 14147 14134   5.6  0.3 
1553695107036 55131 1000 14412 14399   5.8  0.3 
1553695108035 55131 1000 14540 14526   1.0  0.3 
1553695109039 55131 1000 14668 14654   0.6  0.3 
1553695110048 55131 1000 14796 14782   4.2  0.3 
1553695111042 55131 1000 14796 14782   0.1  0.3 
1553695112051 55131 1000 14876 14862   2.4  0.3 
1553695113047 55131 1000 15000 14986   4.2  0.3 
1553695114043 55131 1000 15000 14986   0.1  0.3 
1553695115047 55131 1000 15000 14986   0.0  0.3 
1553695116045 55131 1000 15147 15133   4.1  0.3 
1553695117044 55131 1000 15412 15398   6.0  0.3 
1553695118055 55131 1000 15540 15525   0.9  0.3 
1553695119051 55131 1000 15668 15653   0.9  0.3 
1553695120052 55131 1000 15796 15781   6.0  0.3 
1553695121051 55131 1000 15796 15781   0.1  0.3 
1553695122055 55131 1000 15876 15861   3.0  0.3 
1553695123059 55131 1000 16000 15985   3.7  0.3 
1553695124058 55131 1000 16000 15985   0.1  0.3 
1553695125061 55131 1000 16000 15985   0.0  0.3 
1553695126061 55131 1000 16147 16132   4.1  0.3 
1553695127070 55131 1000 16412 16397   5.4  0.3 
1553695128071 55131 1000 16540 16524   0.8  0.3 
1553695129079 55131 1000 16668 16652   0.8  0.3 
1553695130089 55131 1000 16796 16780   4.2  0.3 
1553695131087 55131 1000 16796 16780   0.1  0.3 
1553695132080 55131 1000 16876 16860   2.6  0.4 
1553695133079 55131 1000 17000 16984   3.0  0.3 
1553695134084 55131 1000 17000 16984   0.0  0.3 
1553695135087 55131 1000 17000 16984   0.0  0.3 
1553695136090 55131 1000 17147 17131   5.4  0.3 
1553695137102 55131 1000 17412 17396   4.0  0.4 
1553695138098 55131 1000 17540 17523   0.8  0.3 
1553695139100 55131 1000 17668 17651   0.5  0.3 
1553695140094 55131 1000 17796 17779   3.4  0.3 
1553695141095 55131 1000 17798 17781   0.4  0.3 
1553695142094 55131 1000 17876 17859   2.6  0.3 
1553695143101 55131 1000 18000 17983   4.5  0.3 
1553695144104 55131 1000 18000 17983   0.1  0.3 
1553695145105 55131 1000 18000 17983   0.0  0.3 
1553695146117 55131 1000 18147 18130   5.5  0.3 
1553695147108 55131 1000 18412 18395   5.5  0.3 
1553695148112 55131 1000 18540 18522   0.8  0.3 
1553695149117 55131 1000 18668 18650   0.6  0.3 
1553695150123 55131 1000 18796 18778   4.1  0.3 
1553695151116 55131 1000 18798 18780   0.1  0.3 
1553695152114 55131 1000 18876 18858   2.8  0.3 
1553695153115 55131 1000 19000 18982   2.8  0.3 
1553695154114 55131 1000 19000 18982   0.0  0.3 
1553695155114 55131 1000 19000 18982   0.0  0.3 
1553695156116 55131 1000 19147 19129   4.6  0.3 
1553695157119 55131 1000 19412 19394   5.2  0.3 
1553695158119 55131 1000 19540 19521   0.6  0.3 
1553695159118 55131 1000 19668 19649   0.5  0.3 
1553695160122 55131 1000 19796 19777   3.1  0.3 
1553695161124 55131 1000 19798 19779   1.3  0.3 
1553695162130 55131 1000 19876 19857   3.6  0.3 
1553695163134 55131 1000 20000 19981   2.9  0.3 
1553695164139 55131 1000 20000 19981   0.0  0.3 
1553695165140 55131 1000 20000 19981   0.0  0.3 
1553695166141 55131 1000 20164 20145   5.4  0.3 
1553695167148 55131 1000 20433 20414   5.7  0.4 
1553695168153 55131 1000 20540 20520   0.7  0.3 
1553695169159 55131 1000 20668 20648   0.6  0.3 
1553695170161 55131 1000 20796 20776   2.8  0.4 
1553695171165 55131 1000 20798 20778   0.3  0.4 
1553695172168 55131 1000 20883 20863   2.3  0.3 
1553695173173 55131 1000 21000 20980   2.0  0.3 
1553695174176 55131 1000 21000 20980   0.0  0.3 
1553695175184 55131 1000 21000 20980   0.0  0.3 
1553695176185 55131 1000 21164 21144   4.6  0.3 
1553695177183 55131 1000 21442 21422   4.9  0.3 
1553695178187 55131 1000 21540 21519   0.7  0.3 
1553695179193 55131 1000 21668 21647   0.4  0.4 
1553695180197 55131 1000 21796 21775   2.8  0.4 
1553695181203 55131 1000 21798 21777   0.4  0.4 
1553695182210 55131 1000 21889 21868   2.1  0.4 
1553695183207 55131 1000 22000 21979   2.2  0.4 
1553695184209 55131 1000 22000 21979   0.0  0.4 
1553695185211 55131 1000 22000 21979   0.0  0.4 
1553695186216 55131 1000 22164 22143   4.2  0.4 
1553695187218 55131 1000 22442 22421   5.0  0.4 
1553695188229 55131 1000 22587 22565   0.4  0.4 
1553695189224 55131 1000 22668 22646   0.3  0.4 
1553695190224 55131 1000 22796 22774   2.8  0.4 
1553695191230 55131 1000 22798 22776   0.3  0.4 
1553695192231 55131 1000 22889 22867   2.2  0.4 
1553695193235 55131 1000 23000 22978   1.9  0.4 
1553695194245 55131 1000 23000 22978   0.0  0.4 
1553695195245 55131 1000 23000 22978   0.0  0.4 
1553695196247 55131 1000 23204 23182   4.4  0.4 
1553695197254 55131 1000 23467 23445   4.5  0.4 
1553695198246 55131 1000 23587 23564   0.4  0.4 
1553695199249 55131 1000 23668 23645   0.3  0.4 
1553695200256 55131 1000 23796 23773   2.6  0.4 
1553695201261 55131 1000 23798 23775   0.2  0.4 
1553695202259 55131 1000 23889 23866   2.4  0.4 
1553695203261 55131 1000 24000 23977   1.5  0.4 
1553695204261 55131 1000 24000 23977   0.0  0.4 
1553695205261 55131 1000 24000 23977   0.0  0.4 
1553695206264 55131 1000 24204 24181   5.7  0.4 
1553695207266 55131 1000 24467 24444   5.2  0.4 
1553695208271 55131 1000 24612 24588   0.5  0.4 
1553695209265 55131 1000 24668 24644   0.4  0.4 
1553695210271 55131 1000 24796 24772   2.4  0.4 
1553695211282 55131 1000 24812 24788   0.3  0.4 
1553695212276 55131 1000 24896 24872   2.2  0.4 
1553695213280 55131 1000 25000 24976   1.7  0.4 
1553695214284 55131 1000 25000 24976   0.0  0.4 
1553695215283 55131 1000 25000 24976   0.0  0.4 
1553695216555 55131 1000 25264 25240   4.3  0.4 
1553695217441 55131 1000 25520 25495   5.2  0.4 
1553695218313 55131 1000 25631 25606   4.5  0.4 
1553695219310 55131 1000 25668 25643   0.3  0.4 
1553695220315 55131 1000 25796 25771   2.4  0.4 
1553695221317 55131 1000 25812 25787   0.2  0.4 
1553695222322 55131 1000 25896 25871   2.5  0.4 
1553695223321 55131 1000 26000 25975   1.6  0.4 
1553695224326 55131 1000 26000 25975   0.0  0.4 
1553695225333 55131 1000 26000 25975   0.0  0.4 
1553695226381 55131 1000 26224 26199   4.1  0.4 
1553695227854 55131 1000 26540 26514   5.1  0.3 
1553695228528 55131 1000 26668 26642   5.6  0.3 
1553695229533 55131 1000 26668 26642   0.1  0.3 
1553695230529 55131 1000 26796 26770   1.0  0.3 
1553695231532 55131 1000 26820 26794   1.6  0.3 
1553695232537 55131 1000 26913 26887   2.7  0.4 
1553695233539 55131 1000 27000 26974   0.7  0.3 
1553695234545 55131 1000 27000 26974   0.0  0.3 
1553695235551 55131 1000 27000 26974   0.0  0.3 
1553695236554 55131 1000 27242 27216   3.6  0.4 
1553695237555 55131 1000 27540 27513   5.2  0.3 
1553695238562 55131 1000 27668 27641   3.7  0.4 
1553695239564 55131 1000 27668 27641   0.1  0.4 
1553695240566 55131 1000 27796 27769   0.9  0.4 
1553695241571 55131 1000 27820 27793   1.2  0.4 
1553695242575 55131 1000 27913 27886   2.2  0.3 
1553695243579 55131 1000 28000 27973   0.7  0.4 
1553695244606 55131 1000 28000 27973   0.0  0.4 
1553695245596 55131 1000 28000 27973   0.0  0.4 
1553695246712 55131 1000 28305 28278   6.5  0.3 
1553695247667 55131 1000 28540 28512   5.2  0.4 
1553695248671 55131 1000 28668 28640   3.7  0.3 
1553695249678 55131 1000 28668 28640   0.1  0.3 
1553695257442 56066 0 0 0   1.2  0.3 
1553695258439 56066 0 0 0   0.1  0.3 
1553695271223 56126 0 0 0   1.3  0.3 
1553695272219 56126 0 0 0   0.1  0.3 
1553695275090 56126 402 305 305  27.0  0.3 
1553695277961 56126 786 963 963  25.0  0.4 
1553695286540 56172 0 0 0   1.0  0.3 
1553695287542 56172 0 0 0   0.1  0.3 
1553695288538 56172 0 0 0   0.3  0.3 
1553695290452 56172 296 168 168  20.2  0.3 
1553695294356 56172 704 872 872  16.5  0.4 
1553695296229 56172 909 1473 1467  29.1  0.4 
1553695297050 56172 996 1909 1899  29.6  0.4 
1553695298168 56172 996 2383 2372  27.5  0.5 
1553695298237 56172 996 2521 2506  21.2  0.5 
1553695299108 56172 996 2988 2972  15.2  0.5 
1553695300118 56172 996 3272 3256   3.5  0.5 
1553695446711 56622 0 0 0   2.2  0.2 
1553695447702 56622 0 0 0   0.2  0.3 
1553695448743 56622 29 27 27   0.0  0.3 
1553695452247 56622 501 555 555  23.8  0.4 
1553695452503 56622 501 809 809  32.4  0.4 
1553695452790 56622 501 937 937  29.4  0.4 
1553695453792 56622 501 1002 1002   2.3  0.4 
1553695454800 56622 501 1065 1065   5.5  0.4 
1553695455795 56622 501 1438 1438  15.0  0.4 
1553695456798 56622 501 1503 1503   3.1  0.4 
1553695458052 56622 501 1670 1670   0.6  0.4 
1553695458996 56622 501 1939 1939   5.1  0.4 
1553695460003 56622 501 2004 2004   0.6  0.4 
1553695461097 56622 501 2172 2172   1.3  0.3 
1553695462002 56622 501 2440 2440   5.5  0.3 
1553695463005 56622 501 2505 2505   0.6  0.3 
1553695464039 56622 501 2668 2668   0.7  0.3 
1553695465008 56622 501 2941 2941   4.8  0.3 
1553695466012 56622 501 3006 3006   0.4  0.3 
1553695467051 56622 501 3173 3173   3.0  0.3 
1553695468016 56622 501 3442 3442   4.0  0.3 
1553695469018 56622 501 3507 3507   0.7  0.3 
1553695470027 56622 501 3654 3654   1.2  0.3 
1553695471025 56622 501 3943 3943   6.1  0.3 
1553695472028 56622 501 4008 4008   0.6  0.3 
1553695473128 56622 501 4198 4198   0.9  0.3 
1553695474031 56622 501 4444 4444   6.4  0.3 
1553695475032 56622 501 4509 4509   0.7  0.3 
1553695476039 56622 501 4656 4656   0.8  0.3 
1553695477039 56622 501 4945 4945   6.3  0.3 
1553695478040 56622 501 5010 5010   0.5  0.3 
1553695479049 56622 501 5165 5165   0.6  0.3 
1553695480046 56622 501 5446 5446   4.8  0.3 
1553695481047 56622 501 5511 5511   0.4  0.3 
1553695482153 56622 501 5701 5701   0.6  0.3 
1553695483086 56622 501 5947 5947   5.5  0.3 
1553695484091 56622 501 6012 6012   0.4  0.3 
1553695485104 56622 501 6190 6190   5.2  0.3 
1553695486103 56622 501 6448 6448   3.6  0.3 
1553695487103 56622 501 6513 6513   0.3  0.3 
1553695488448 56622 501 6809 6809   0.8  0.3 
1553695489221 56622 501 6968 6968   3.3  0.3 
1553695490224 56622 501 7014 7014   0.3  0.3 
1553695491264 56622 501 7245 7245   2.2  0.3 
1553695492226 56622 501 7469 7469   2.8  0.3 
1553695493229 56622 501 7515 7515   0.3  0.3 
1553695494302 56622 501 7746 7746   1.3  0.3 
1553695495241 56622 501 7970 7970   3.0  0.3 
1553695496229 56622 501 8016 8016   0.3  0.3 
1553695497277 56622 501 8247 8247   1.0  0.3 
1553695498232 56622 501 8471 8471   2.8  0.3 
1553695499233 56622 501 8517 8517   0.2  0.3 
1553695500355 56622 501 8776 8776   1.0  0.3 
1553695501236 56622 501 8972 8972   3.0  0.3 
1553695502242 56622 501 9018 9018   0.2  0.3 
1553695503422 56622 501 9277 9277   1.0  0.3 
1553695504237 56622 501 9473 9473   3.4  0.3 
1553695505239 56622 501 9519 9519   0.1  0.3 
1553695506304 56622 501 9749 9749   1.9  0.3 
1553695507241 56622 501 9974 9974   3.2  0.3 
1553695508243 56622 501 10020 10020   0.3  0.3 
1553695509244 56622 501 10020 10020   3.1  0.3 
1553695524207 56945 0 0 0   1.6  0.3 
1553695525201 56945 0 0 0   0.2  0.3 
1553695526520 56945 128 99 99  24.8  0.3 
1553695529601 56945 501 472 472  18.0  0.4 
1553695530402 56945 501 751 751  33.6  0.4 
1553695530428 56945 501 774 774  31.4  0.4 
1553695531279 56945 501 900 900  16.8  0.4 
1553695532293 56945 501 1107 1107  10.7  0.4 
1553695533282 56945 501 1253 1253   7.0  0.4 
1553695534291 56945 501 1403 1403   6.6  0.4 
1553695535321 56945 501 1611 1611   4.0  0.4 
1553695536302 56945 501 1756 1756   5.4  0.4 
1553695537311 56945 501 1906 1906   6.1  0.4 
1553695538315 56945 501 2110 2110   4.9  0.4 
1553695539308 56945 501 2257 2257   4.9  0.4 
1553695540308 56945 501 2407 2407   5.6  0.3 
1553695541310 56945 501 2611 2611   5.2  0.3 
1553695542316 56945 501 2758 2758   5.0  0.3 
1553695543312 56945 501 2908 2908   4.8  0.3 
1553695544312 56945 501 3112 3112   2.0  0.4 
1553695545313 56945 501 3259 3259   5.3  0.4 
1553695546314 56945 501 3409 3409   4.9  0.4 
1553695547312 56945 501 3613 3613   4.8  0.4 
1553695548312 56945 501 3760 3760   4.6  0.4 
1553695549313 56945 501 3910 3910   4.6  0.4 
1553695550327 56945 501 4112 4112   4.3  0.4 
1553695551321 56945 501 4261 4261   5.4  0.4 
1553695552315 56945 501 4411 4411   5.7  0.4 
1553695553332 56945 501 4613 4613   5.4  0.4 
1553695554326 56945 501 4762 4762   4.6  0.4 
1553695555330 56945 501 4915 4915   4.5  0.4 
1553695556328 56945 501 5114 5114   4.6  0.4 
1553695557330 56945 501 5265 5265   4.8  0.4 
1553695558335 56945 501 5416 5416   5.0  0.4 
1553695559334 56945 501 5615 5615   3.0  0.4 
1553695560334 56945 501 5769 5769   4.9  0.4 
1553695561356 56945 501 5918 5918   4.3  0.4 
1553695563173 56945 501 6228 6228   4.9  0.4 
1553695563489 56945 501 6288 6288   5.3  0.3 
1553695564502 56945 501 6439 6439   6.3  0.3 
1553695565583 56945 501 6643 6643   1.6  0.3 
1553695566564 56945 501 6805 6805   3.1  0.3 
1553695567561 56945 501 6951 6951   4.1  0.3 
1553695568564 56945 501 7144 7144   4.3  0.3 
1553695569570 56945 501 7306 7306   3.3  0.3 
1553695570572 56945 501 7452 7452   4.0  0.3 
1553695571571 56945 501 7645 7645   2.2  0.3 
1553695572571 56945 501 7807 7807   3.4  0.3 
1553695573575 56945 501 7953 7953   3.8  0.3 
1553695574581 56945 501 8146 8146   1.8  0.3 
1553695575586 56945 501 8309 8309   3.3  0.3 
1553695576584 56945 501 8454 8454   3.8  0.3 
1553695577584 56945 501 8647 8647   4.1  0.3 
1553695578586 56945 501 8810 8810   3.9  0.3 
1553695579590 56945 501 8955 8955   3.9  0.3 
1553695580590 56945 501 9148 9148   4.3  0.3 
1553695581592 56945 501 9311 9311   3.1  0.3 
1553695582591 56945 501 9456 9456   3.8  0.3 
1553695583597 56945 501 9649 9649   2.2  0.3 
1553695584597 56945 501 9813 9813   3.4  0.3 
1553695585617 56945 501 9957 9957   3.3  0.3 
1553695586610 56945 501 10168 10168   2.0  0.3 
1553695587608 56945 501 10317 10317   3.9  0.3 
1553695588613 56945 501 10458 10458   3.1  0.3 
1553695589610 56945 501 10669 10669   1.9  0.3 
1553695590610 56945 501 10818 10818   3.6  0.3 
1553695591613 56945 501 10959 10959   2.9  0.3 
1553695592635 56945 501 11170 11170   5.1  0.3 
1553695593616 56945 501 11319 11319   3.6  0.3 
1553695594625 56945 501 11460 11460   3.1  0.3 
1553695595640 56945 501 11671 11671   4.6  0.3 
1553695596633 56945 501 11820 11820  10.3  0.3 
1553695597625 56945 501 11961 11961   3.9  0.3 
1553695598662 56945 501 12172 12172   5.6  0.3 
1553695599670 56945 501 12326 12326   4.3  0.3 
1553695600907 56945 501 12508 12508   4.0  0.3 
1553695601699 56945 501 12673 12673   5.3  0.3 
1553695602705 56945 501 12827 12827   5.2  0.3 
1553695603704 56945 501 12978 12978   3.6  0.3 
1553695604711 56945 501 13174 13174   9.4  0.3 
1553695605704 56945 501 13328 13328   3.8  0.3 
1553695606702 56945 501 13479 13479   3.6  0.3 
1553695607707 56945 501 13675 13675   5.4  0.3 
1553695608714 56945 501 13829 13829   3.9  0.3 
1553695609712 56945 501 13980 13980   3.4  0.3 
1553695610709 56945 501 14176 14176   5.9  0.3 
1553695611718 56945 501 14330 14330   4.3  0.3 
1553695612715 56945 501 14481 14481   3.3  0.3 
1553695613723 56945 501 14677 14677   4.6  0.3 
1553695614726 56945 501 14836 14836   4.9  0.3 
1553695615725 56945 501 14982 14982   3.1  0.3 
1553695616727 56945 501 15178 15178   5.3  0.3 
1553695617728 56945 501 15337 15337   3.9  0.3 
1553695618731 56945 501 15483 15483   3.3  0.3 
1553695619731 56945 501 15679 15679   4.3  0.3 
1553695620733 56945 501 15838 15838   2.9  0.3 
1553695621744 56945 501 15984 15984   4.6  0.4 
1553695622734 56945 501 16180 16180   4.5  0.4 
1553695623740 56945 501 16339 16339   3.9  0.4 
1553695624740 56945 501 16485 16485   5.2  0.3 
1553695625745 56945 501 16681 16681   4.1  0.3 
1553695626750 56945 501 16840 16840   3.8  0.3 
1553695627752 56945 501 16986 16986   3.6  0.3 
1553695628754 56945 501 17182 17182   4.0  0.3 
1553695629755 56945 501 17341 17341   3.5  0.3 
1553695630754 56945 501 17487 17487   4.5  0.3 
1553695631760 56945 501 17683 17683   5.4  0.3 
1553695632771 56945 501 17842 17842   3.9  0.3 
1553695633755 56945 501 17988 17988   3.9  0.3 
1553695634783 56945 501 18184 18184   4.3  0.3 
1553695635757 56945 501 18343 18343   4.2  0.3 
1553695636762 56945 501 18489 18489   3.1  0.3 
1553695637757 56945 501 18685 18685   5.3  0.3 
1553695638758 56945 501 18844 18844   4.0  0.3 
1553695639756 56945 501 18990 18990   3.4  0.3 
1553695640758 56945 501 19186 19186   5.3  0.3 
1553695641757 56945 501 19345 19345   5.1  0.3 
1553695642757 56945 501 19491 19491   3.3  0.3 
1553695643764 56945 501 19687 19687   6.0  0.3 
1553695644765 56945 501 19846 19846   4.1  0.3 
1553695645760 56945 501 19992 19992   3.0  0.3 
1553695646759 56945 501 20188 20188   7.2  0.3 
1553695647764 56945 501 20347 20347   3.4  0.3 
1553695648763 56945 501 20493 20493   3.0  0.3 
1553695650273 56945 529 20720 20720   8.1  0.3 
1553695653702 56945 884 21540 21540  13.2  0.4 
1553695707968 57855 0 0 0   1.2  0.3 
1553695708963 57855 0 0 0   0.1  0.3 
1553695709963 57855 0 0 0   0.0  0.3 
1553695710977 57855 0 0 0   0.0  0.3 
1553695713171 57855 298 209 209  19.9  0.3 
1553695714798 57855 521 495 495  32.7  0.4 
1553695716630 57855 698 906 906  30.3  0.4 
1553695719044 57855 1043 1698 1698  20.8  0.5 
1553695721149 57855 1296 2488 2488  26.4  0.5 
1553695786488 58219 0 0 0   1.1  0.3 
1553695787480 58219 0 0 0   0.1  0.3 
1553695788580 58219 32 31 31   8.5  0.3 
1553695790503 58219 280 249 249  19.5  0.3 
1553695791800 58219 451 408 408  36.2  0.5 
1553695793247 58219 673 570 570  23.9  0.6 
1553695794782 58219 898 823 823  22.0  0.7 
1553695796490 58219 1152 1046 1046  27.2  0.8 
1553695798550 58219 1377 1428 1428  21.0  0.8 
1553695800954 58219 1633 2030 2030  18.8  0.8 
1553695803043 58219 1761 2580 2580  21.8  0.8 
1553695804868 58219 1889 3456 3456  28.9  0.8 
1553695807117 58219 2017 4423 4423  14.0  0.8 
1553695962100 58694 0 0 0   1.0  0.3 
1553695963096 58694 0 0 0   0.1  0.3 
1553695966380 58694 300 298 298  11.1  0.3 
1553695968185 58694 587 459 459  19.8  0.4 
1553695970971 58694 843 715 715  16.3  0.4 
1553695973826 58694 1099 1168 1168  13.7  0.4 
1553695975277 58694 1227 1481 1481  27.4  0.4 
1553695977115 58694 1355 1963 1963  13.3  0.5 
1553695978568 58694 1483 2623 2622  26.0  0.5 
1553695979805 58694 1611 3230 3225  16.6  0.5 
1553695981566 58694 1739 3916 3906  14.9  0.5 
1553695983141 58694 1867 4713 4691  33.6  0.5 
1553695984773 58694 1890 5592 5562  26.6  0.6 
1553695985514 58694 1900 6377 6339  19.6  0.6 
1553695986193 58694 1938 7080 7038  20.1  0.6 
1553695986619 58694 1944 7274 7231  24.3  0.6 
1553695987123 58694 1947 7809 7764  22.0  0.6 
1553695987854 58694 1965 8193 8147  30.2  0.6 
1553695989568 58694 1999 9366 9316  33.5  0.7 
1553695989873 58694 1999 9736 9686  21.7  0.8 
1553695991046 58694 1999 10366 10315  10.5  0.8 
1553695991803 58694 1999 11023 10971  13.7  0.8 
1553695992832 58694 1999 11608 11556  14.5  0.8 
1553695993849 58694 1999 12058 12005   5.5  0.8 
1553695997137 58694 1999 14272 14217   6.5  0.8 
1553695997241 58694 1999 14531 14476   8.7  0.8 
1553695997993 58694 1999 15028 14972  12.4  0.8 
1553695999426 58694 1999 15908 15851  10.3  0.8 
1553696000219 58694 1999 16530 16473   8.6  0.8 
1553696001006 58694 1999 17027 16969   9.0  0.8 
1553696001994 58694 1999 17644 17586  15.5  0.8 
1553696003082 58694 1999 18310 18251   8.7  0.8 
1553696004014 58694 1999 19026 18966   7.8  0.8 
1553696005020 58694 1999 19643 19583  17.6  0.8 
1553696006155 58694 1999 20443 20382   9.0  0.8 
1553696007033 58694 1999 21025 20963  10.7  0.8 
1553696008028 58694 1999 21642 21580  14.6  0.8 
1553696009101 58694 1999 22359 22296  10.8  0.8 
1553696010033 58694 1999 23024 22960   8.8  0.8 
1553696011198 58694 1999 23749 23685  11.2  0.8 
1553696012321 58694 1999 24655 24590  16.5  0.8 
1553696013213 58694 1999 25058 24992   7.3  0.8 
1553696014212 58694 1999 25748 25682  14.1  0.8 
1553696015260 58694 1999 26594 26527  21.4  0.8 
1553696016241 58694 1999 27057 26989   6.0  0.8 
1553696019085 58694 1999 28563 28494   6.1  0.8 
1553696019617 58694 1999 29258 29188   8.1  0.8 
1553696020124 58694 1999 29638 29568  23.8  0.8 
1553696021099 58694 1999 30264 30193   9.9  0.8 
1553696022113 58694 1999 31032 30960   8.5  0.8 
1553696023125 58694 1999 31637 31565  16.0  0.8 
1553696024201 58694 1999 32437 32364   9.0  0.8 
1553696025131 58694 1999 32766 32692  20.4  0.8 
1553696026135 58694 1999 32766 32692   0.4  0.8 
1553696027135 58694 1999 32766 32692   0.0  0.8 
1553696028137 58694 1999 32766 32692   0.0  0.8 
1553696029144 58694 1999 32766 32692   0.0  0.8 
1553696030141 58694 1999 32766 32692   0.0  0.8 
1553696031141 58694 1999 32766 32692   0.4  0.8 
1553696032144 58694 1999 32766 32692   0.0  0.8 
1553696033149 58694 1999 32766 32692   0.0  0.8 
1553696034151 58694 1999 32766 32692   0.0  0.8 
1553696035156 58694 1999 32766 32692   0.0  0.8 
1553696036158 58694 1999 32766 32692   0.0  0.8 
1553696037159 58694 1999 32766 32692   0.0  0.8 
1553696038161 58694 1999 32766 32692   0.0  0.8 
1553696039163 58694 1999 32766 32692   0.5  0.8 
1553696040166 58694 1999 32766 32692   0.0  0.8 
1553696041171 58694 1999 32766 32692   0.0  0.8 
1553696042166 58694 1999 32766 32692   0.0  0.8 
1553696043167 58694 1999 32766 32692   0.0  0.8 
1553696044170 58694 1999 32766 32692   0.0  0.8 
1553696045173 58694 1999 32766 32692   0.0  0.8 
1553696046176 58694 1999 32766 32692   0.4  0.8 
1553696047183 58694 1999 32766 32692   0.0  0.8 
1553696048183 58694 1999 32766 32692   0.0  0.8 
1553696049189 58694 1999 32766 32692   0.0  0.8 
1553696050191 58694 1999 32766 32692   0.0  0.8 
1553696051195 58694 1999 32766 32692   0.0  0.8 
1553696052198 58694 1999 32766 32692   0.0  0.8 
1553696053198 58694 1999 32766 32692   0.0  0.8 
1553696054201 58694 1999 32766 32692   0.0  0.8 
1553696055207 58694 1999 32766 32692   0.4  0.8 
1553696056208 58694 1999 32766 32692   0.4  0.8 
1553696057210 58694 1999 32766 32692   0.0  0.8 
1553696058212 58694 1999 32766 32692   0.0  0.8 
1553696059214 58694 1999 32766 32692   0.0  0.8 
1553696060219 58694 1999 32766 32692   0.0  0.8 
1553696061224 58694 1999 32766 32692   0.0  0.8 
1553696062229 58694 1999 32766 32692   0.0  0.8 
1553696063231 58694 1999 32766 32692   0.0  0.8 
1553696064232 58694 1999 32766 32692   0.0  0.8 
1553696065233 58694 1999 32766 32692   0.0  0.8 
1553696066238 58694 1999 32766 32692   0.0  0.8 
1553696067240 58694 1999 32766 32692   0.0  0.8 
1553696068244 58694 1999 32766 32692   0.0  0.8 
1553696069242 58694 1999 32766 32692   0.0  0.8 
1553696070245 58694 1999 32766 32692   0.0  0.8 
1553696071250 58694 1999 32766 32692   0.0  0.8 
1553696072255 58694 1999 32766 32692   0.0  0.8 
1553696073259 58694 1999 32766 32692   0.0  0.8 
1553696074264 58694 1999 32766 32692   0.0  0.8 
1553696075265 58694 1999 32766 32692   0.0  0.8 
1553696076269 58694 1999 32766 32692   0.0  0.8 
1553696077274 58694 1999 32766 32692   0.0  0.8 
1553696078275 58694 1999 32766 32692   0.0  0.8 
1553696079277 58694 1999 32766 32692   0.0  0.8 
1553696080282 58694 1999 32766 32692   0.0  0.8 
1553696081289 58694 1999 32766 32692   0.0  0.8 
1553696082290 58694 1999 32766 32692   0.0  0.8 
1553696083295 58694 1999 32766 32692   0.0  0.8 
1553696084301 58694 1999 32766 32692   0.0  0.8 
1553696085306 58694 1999 32766 32692   0.4  0.8 
1553696086309 58694 1999 32766 32692   0.0  0.8 
1553696087313 58694 1999 32766 32692   0.0  0.8 
1553696088316 58694 1999 32766 32692   0.0  0.8 
1553696089317 58694 1999 32766 32692   0.0  0.8 
1553696090322 58694 1999 32766 32692   0.0  0.8 
1553696091324 58694 1999 32766 32692   0.0  0.8 
1553696092325 58694 1999 32766 32692   0.0  0.8 
1553696093329 58694 1999 32766 32692   2.6  0.4 
1553696094332 58694 1999 32766 32692   0.0  0.4 
1553696095335 58694 1999 32766 32692   0.0  0.4 
1553696096340 58694 1999 32766 32692   0.0  0.4 
1553696097342 58694 1999 32766 32692   0.0  0.4 
1553696098349 58694 1999 32766 32692   0.0  0.4 
1553696099345 58694 1999 32766 32692   0.0  0.4 
1553696100351 58694 1999 32766 32692   0.0  0.4 
1553696101356 58694 1999 32766 32692   0.0  0.4 
1553696102362 58694 1999 32766 32692   0.0  0.4 
1553696103366 58694 1999 32766 32692   0.0  0.4 
1553696104369 58694 1999 32766 32692   0.6  0.4 
1553696105374 58694 1999 32766 32692   0.0  0.4 
1553696106376 58694 1999 32766 32692   0.0  0.4 
1553696107376 58694 1999 32766 32692   0.0  0.4 
1553696108382 58694 1999 32766 32692   0.0  0.4 
1553696109385 58694 1999 32766 32692   0.4  0.4 
1553696110386 58694 1999 32766 32692   0.0  0.4 
1553696111391 58694 1999 32766 32692   0.0  0.4 
1553696112392 58694 1999 32766 32692   0.0  0.4 
1553696113393 58694 1999 32766 32692   0.0  0.4 
1553696114394 58694 1999 32766 32692   0.0  0.4 
1553696115399 58694 1999 32766 32692   0.0  0.4 
